0.7078430487D-02
0.7076298575D-02
0.7069904233D-02
0.7059251144D-02
0.7044345916D-02
0.7025197386D-02
0.7001817162D-02
0.6974219273D-02
0.6942420461D-02
0.6906439678D-02
0.6866298787D-02
0.6822021896D-02
0.6773635624D-02
0.6721169225D-02
0.6664654234D-02
0.6604124623D-02
0.6539617077D-02
0.6471170187D-02
0.6398825374D-02
0.6322626123D-02
0.6242618357D-02
0.6158850271D-02
0.6071372339D-02
0.5980237244D-02
0.5885499832D-02
0.5787217281D-02
0.5685448663D-02
0.5580255378D-02
0.5471700759D-02
0.5359850180D-02
0.5244771023D-02
0.5126532653D-02
0.5005206164D-02
0.4880864834D-02
0.4753583369D-02
0.4623438561D-02
0.4490508763D-02
0.4354874040D-02
0.4216616107D-02
0.4075818266D-02
0.3932565261D-02
0.3786943470D-02
0.3639040536D-02
0.3488945583D-02
0.3336749030D-02
0.3182542542D-02
0.3026419009D-02
0.2868472463D-02
0.2708798086D-02
0.2547491980D-02
0.2384651416D-02
0.2220374395D-02
0.2054759902D-02
0.1887907716D-02
0.1719918311D-02
0.1550892892D-02
0.1380933289D-02
0.1210141840D-02
0.1038621463D-02
0.8664754541D-03
0.6938075150D-03
0.5207216477D-03
0.3473221232D-03
0.1737133795D-03
0.1110223025D-15
-.1737133795D-03
-.3473221232D-03
-.5207216477D-03
-.6938075150D-03
-.8664754541D-03
-.1038621463D-02
-.1210141840D-02
-.1380933289D-02
-.1550892892D-02
-.1719918311D-02
-.1887907716D-02
-.2054759902D-02
-.2220374395D-02
-.2384651416D-02
-.2547491980D-02
-.2708798086D-02
-.2868472463D-02
-.3026419009D-02
-.3182542542D-02
-.3336749030D-02
-.3488945583D-02
-.3639040536D-02
-.3786943470D-02
-.3932565261D-02
-.4075818266D-02
-.4216616107D-02
-.4354874040D-02
-.4490508763D-02
-.4623438561D-02
-.4753583369D-02
-.4880864834D-02
-.5005206164D-02
-.5126532653D-02
-.5244771023D-02
-.5359850180D-02
-.5471700759D-02
-.5580255378D-02
-.5685448663D-02
-.5787217281D-02
-.5885499832D-02
-.5980237244D-02
-.6071372339D-02
-.6158850271D-02
-.6242618357D-02
-.6322626123D-02
-.6398825374D-02
-.6471170187D-02
-.6539617077D-02
-.6604124623D-02
-.6664654234D-02
-.6721169225D-02
-.6773635624D-02
-.6822021896D-02
-.6866298787D-02
-.6906439678D-02
-.6942420461D-02
-.6974219273D-02
-.7001817162D-02
-.7025197386D-02
-.7044345916D-02
-.7059251144D-02
-.7069904233D-02
-.7076298575D-02
-.7078430487D-02
-.7076298575D-02
-.7069904233D-02
-.7059251144D-02
-.7044345916D-02
-.7025197386D-02
-.7001817162D-02
-.6974219273D-02
-.6942420461D-02
-.6906439678D-02
-.6866298787D-02
-.6822021896D-02
-.6773635624D-02
-.6721169225D-02
-.6664654234D-02
-.6604124623D-02
-.6539617077D-02
-.6471170187D-02
-.6398825374D-02
-.6322626123D-02
-.6242618357D-02
-.6158850271D-02
-.6071372339D-02
-.5980237244D-02
-.5885499832D-02
-.5787217281D-02
-.5685448663D-02
-.5580255378D-02
-.5471700759D-02
-.5359850180D-02
-.5244771023D-02
-.5126532653D-02
-.5005206164D-02
-.4880864834D-02
-.4753583369D-02
-.4623438561D-02
-.4490508763D-02
-.4354874040D-02
-.4216616107D-02
-.4075818266D-02
-.3932565261D-02
-.3786943470D-02
-.3639040536D-02
-.3488945583D-02
-.3336749030D-02
-.3182542542D-02
-.3026419009D-02
-.2868472463D-02
-.2708798086D-02
-.2547491980D-02
-.2384651416D-02
-.2220374395D-02
-.2054759902D-02
-.1887907716D-02
-.1719918311D-02
-.1550892892D-02
-.1380933289D-02
-.1210141840D-02
-.1038621463D-02
-.8664754541D-03
-.6938075150D-03
-.5207216477D-03
-.3473221232D-03
-.1737133795D-03
-.1110223025D-15
0.1737133795D-03
0.3473221232D-03
0.5207216477D-03
0.6938075150D-03
0.8664754541D-03
0.1038621463D-02
0.1210141840D-02
0.1380933289D-02
0.1550892892D-02
0.1719918311D-02
0.1887907716D-02
0.2054759902D-02
0.2220374395D-02
0.2384651416D-02
0.2547491980D-02
0.2708798086D-02
0.2868472463D-02
0.3026419009D-02
0.3182542542D-02
0.3336749030D-02
0.3488945583D-02
0.3639040536D-02
0.3786943470D-02
0.3932565261D-02
0.4075818266D-02
0.4216616107D-02
0.4354874040D-02
0.4490508763D-02
0.4623438561D-02
0.4753583369D-02
0.4880864834D-02
0.5005206164D-02
0.5126532653D-02
0.5244771023D-02
0.5359850180D-02
0.5471700759D-02
0.5580255378D-02
0.5685448663D-02
0.5787217281D-02
0.5885499832D-02
0.5980237244D-02
0.6071372339D-02
0.6158850271D-02
0.6242618357D-02
0.6322626123D-02
0.6398825374D-02
0.6471170187D-02
0.6539617077D-02
0.6604124623D-02
0.6664654234D-02
0.6721169225D-02
0.6773635624D-02
0.6822021896D-02
0.6866298787D-02
0.6906439678D-02
0.6942420461D-02
0.6974219273D-02
0.7001817162D-02
0.7025197386D-02
0.7044345916D-02
0.7059251144D-02
0.7069904233D-02
0.7076298575D-02
0.7078430487D-02
