     0.650000E+01    0.000000E+00
     0.650000E+01    0.156250E-01
     0.650000E+01    0.312500E-01
     0.650000E+01    0.468750E-01
     0.650000E+01    0.625000E-01
     0.650000E+01    0.781250E-01
     0.650000E+01    0.937500E-01
     0.650000E+01    0.109375E+00
     0.650000E+01    0.125000E+00
     0.650000E+01    0.140625E+00
     0.650000E+01    0.156250E+00
     0.650000E+01    0.171875E+00
     0.650000E+01    0.187500E+00
     0.650000E+01    0.203125E+00
     0.650000E+01    0.218750E+00
     0.650000E+01    0.234375E+00
     0.650000E+01    0.250000E+00
     0.650000E+01    0.265625E+00
     0.650000E+01    0.281250E+00
     0.650000E+01    0.296875E+00
     0.650000E+01    0.312500E+00
     0.650000E+01    0.328125E+00
     0.650000E+01    0.343750E+00
     0.650000E+01    0.359375E+00
     0.650000E+01    0.375000E+00
     0.650000E+01    0.390625E+00
     0.650000E+01    0.406250E+00
     0.650000E+01    0.421875E+00
     0.650000E+01    0.437500E+00
     0.650000E+01    0.453125E+00
     0.650000E+01    0.468750E+00
     0.650000E+01    0.484375E+00
     0.650000E+01    0.500000E+00
     0.648438E+01    0.500000E+00
     0.646875E+01    0.500000E+00
     0.645312E+01    0.500000E+00
     0.643750E+01    0.500000E+00
     0.642188E+01    0.500000E+00
     0.640625E+01    0.500000E+00
     0.639062E+01    0.500000E+00
     0.637500E+01    0.500000E+00
     0.635938E+01    0.500000E+00
     0.634375E+01    0.500000E+00
     0.632812E+01    0.500000E+00
     0.631250E+01    0.500000E+00
     0.629688E+01    0.500000E+00
     0.628125E+01    0.500000E+00
     0.626562E+01    0.500000E+00
     0.625000E+01    0.500000E+00
     0.623438E+01    0.500000E+00
     0.621875E+01    0.500000E+00
     0.620312E+01    0.500000E+00
     0.618750E+01    0.500000E+00
     0.617188E+01    0.500000E+00
     0.615625E+01    0.500000E+00
     0.614062E+01    0.500000E+00
     0.612500E+01    0.500000E+00
     0.610938E+01    0.500000E+00
     0.609375E+01    0.500000E+00
     0.607812E+01    0.500000E+00
     0.606250E+01    0.500000E+00
     0.604688E+01    0.500000E+00
     0.603125E+01    0.500000E+00
     0.601562E+01    0.500000E+00
     0.600000E+01    0.500000E+00
     0.598438E+01    0.500000E+00
     0.596875E+01    0.500000E+00
     0.595312E+01    0.500000E+00
     0.593750E+01    0.500000E+00
     0.592188E+01    0.500000E+00
     0.590625E+01    0.500000E+00
     0.589062E+01    0.500000E+00
     0.587500E+01    0.500000E+00
     0.585938E+01    0.500000E+00
     0.584375E+01    0.500000E+00
     0.582812E+01    0.500000E+00
     0.581250E+01    0.500000E+00
     0.579688E+01    0.500000E+00
     0.578125E+01    0.500000E+00
     0.576562E+01    0.500000E+00
     0.575000E+01    0.500000E+00
     0.573438E+01    0.500000E+00
     0.571875E+01    0.500000E+00
     0.570312E+01    0.500000E+00
     0.568750E+01    0.500000E+00
     0.567188E+01    0.500000E+00
     0.565625E+01    0.500000E+00
     0.564062E+01    0.500000E+00
     0.562500E+01    0.500000E+00
     0.560938E+01    0.500000E+00
     0.559375E+01    0.500000E+00
     0.557812E+01    0.500000E+00
     0.556250E+01    0.500000E+00
     0.554688E+01    0.500000E+00
     0.553125E+01    0.500000E+00
     0.551562E+01    0.500000E+00
     0.550000E+01    0.500000E+00
     0.550000E+01    0.484375E+00
     0.550000E+01    0.468750E+00
     0.550000E+01    0.453125E+00
     0.550000E+01    0.437500E+00
     0.550000E+01    0.421875E+00
     0.550000E+01    0.406250E+00
     0.550000E+01    0.390625E+00
     0.550000E+01    0.375000E+00
     0.550000E+01    0.359375E+00
     0.550000E+01    0.343750E+00
     0.550000E+01    0.328125E+00
     0.550000E+01    0.312500E+00
     0.550000E+01    0.296875E+00
     0.550000E+01    0.281250E+00
     0.550000E+01    0.265625E+00
     0.550000E+01    0.250000E+00
     0.550000E+01    0.234375E+00
     0.550000E+01    0.218750E+00
     0.550000E+01    0.203125E+00
     0.550000E+01    0.187500E+00
     0.550000E+01    0.171875E+00
     0.550000E+01    0.156250E+00
     0.550000E+01    0.140625E+00
     0.550000E+01    0.125000E+00
     0.550000E+01    0.109375E+00
     0.550000E+01    0.937500E-01
     0.550000E+01    0.781250E-01
     0.550000E+01    0.625000E-01
     0.550000E+01    0.468750E-01
     0.550000E+01    0.312500E-01
     0.550000E+01    0.156250E-01
     0.550000E+01    0.000000E+00
     0.550000E+01   -0.156250E-01
     0.550000E+01   -0.312500E-01
     0.550000E+01   -0.468750E-01
     0.550000E+01   -0.625000E-01
     0.550000E+01   -0.781250E-01
     0.550000E+01   -0.937500E-01
     0.550000E+01   -0.109375E+00
     0.550000E+01   -0.125000E+00
     0.550000E+01   -0.140625E+00
     0.550000E+01   -0.156250E+00
     0.550000E+01   -0.171875E+00
     0.550000E+01   -0.187500E+00
     0.550000E+01   -0.203125E+00
     0.550000E+01   -0.218750E+00
     0.550000E+01   -0.234375E+00
     0.550000E+01   -0.250000E+00
     0.550000E+01   -0.265625E+00
     0.550000E+01   -0.281250E+00
     0.550000E+01   -0.296875E+00
     0.550000E+01   -0.312500E+00
     0.550000E+01   -0.328125E+00
     0.550000E+01   -0.343750E+00
     0.550000E+01   -0.359375E+00
     0.550000E+01   -0.375000E+00
     0.550000E+01   -0.390625E+00
     0.550000E+01   -0.406250E+00
     0.550000E+01   -0.421875E+00
     0.550000E+01   -0.437500E+00
     0.550000E+01   -0.453125E+00
     0.550000E+01   -0.468750E+00
     0.550000E+01   -0.484375E+00
     0.550000E+01   -0.500000E+00
     0.551562E+01   -0.500000E+00
     0.553125E+01   -0.500000E+00
     0.554688E+01   -0.500000E+00
     0.556250E+01   -0.500000E+00
     0.557812E+01   -0.500000E+00
     0.559375E+01   -0.500000E+00
     0.560938E+01   -0.500000E+00
     0.562500E+01   -0.500000E+00
     0.564062E+01   -0.500000E+00
     0.565625E+01   -0.500000E+00
     0.567188E+01   -0.500000E+00
     0.568750E+01   -0.500000E+00
     0.570312E+01   -0.500000E+00
     0.571875E+01   -0.500000E+00
     0.573438E+01   -0.500000E+00
     0.575000E+01   -0.500000E+00
     0.576562E+01   -0.500000E+00
     0.578125E+01   -0.500000E+00
     0.579688E+01   -0.500000E+00
     0.581250E+01   -0.500000E+00
     0.582812E+01   -0.500000E+00
     0.584375E+01   -0.500000E+00
     0.585938E+01   -0.500000E+00
     0.587500E+01   -0.500000E+00
     0.589062E+01   -0.500000E+00
     0.590625E+01   -0.500000E+00
     0.592188E+01   -0.500000E+00
     0.593750E+01   -0.500000E+00
     0.595312E+01   -0.500000E+00
     0.596875E+01   -0.500000E+00
     0.598438E+01   -0.500000E+00
     0.600000E+01   -0.500000E+00
     0.601562E+01   -0.500000E+00
     0.603125E+01   -0.500000E+00
     0.604688E+01   -0.500000E+00
     0.606250E+01   -0.500000E+00
     0.607812E+01   -0.500000E+00
     0.609375E+01   -0.500000E+00
     0.610938E+01   -0.500000E+00
     0.612500E+01   -0.500000E+00
     0.614062E+01   -0.500000E+00
     0.615625E+01   -0.500000E+00
     0.617188E+01   -0.500000E+00
     0.618750E+01   -0.500000E+00
     0.620312E+01   -0.500000E+00
     0.621875E+01   -0.500000E+00
     0.623438E+01   -0.500000E+00
     0.625000E+01   -0.500000E+00
     0.626562E+01   -0.500000E+00
     0.628125E+01   -0.500000E+00
     0.629688E+01   -0.500000E+00
     0.631250E+01   -0.500000E+00
     0.632812E+01   -0.500000E+00
     0.634375E+01   -0.500000E+00
     0.635938E+01   -0.500000E+00
     0.637500E+01   -0.500000E+00
     0.639062E+01   -0.500000E+00
     0.640625E+01   -0.500000E+00
     0.642188E+01   -0.500000E+00
     0.643750E+01   -0.500000E+00
     0.645312E+01   -0.500000E+00
     0.646875E+01   -0.500000E+00
     0.648438E+01   -0.500000E+00
     0.650000E+01   -0.500000E+00
     0.650000E+01   -0.484375E+00
     0.650000E+01   -0.468750E+00
     0.650000E+01   -0.453125E+00
     0.650000E+01   -0.437500E+00
     0.650000E+01   -0.421875E+00
     0.650000E+01   -0.406250E+00
     0.650000E+01   -0.390625E+00
     0.650000E+01   -0.375000E+00
     0.650000E+01   -0.359375E+00
     0.650000E+01   -0.343750E+00
     0.650000E+01   -0.328125E+00
     0.650000E+01   -0.312500E+00
     0.650000E+01   -0.296875E+00
     0.650000E+01   -0.281250E+00
     0.650000E+01   -0.265625E+00
     0.650000E+01   -0.250000E+00
     0.650000E+01   -0.234375E+00
     0.650000E+01   -0.218750E+00
     0.650000E+01   -0.203125E+00
     0.650000E+01   -0.187500E+00
     0.650000E+01   -0.171875E+00
     0.650000E+01   -0.156250E+00
     0.650000E+01   -0.140625E+00
     0.650000E+01   -0.125000E+00
     0.650000E+01   -0.109375E+00
     0.650000E+01   -0.937500E-01
     0.650000E+01   -0.781250E-01
     0.650000E+01   -0.625000E-01
     0.650000E+01   -0.468750E-01
     0.650000E+01   -0.312500E-01
     0.650000E+01   -0.156250E-01
     0.650000E+01    0.000000E+00
