     0.500000E+00    0.000000E+00
     0.499849E+00    0.122706E-01
     0.499398E+00    0.245338E-01
     0.498645E+00    0.367823E-01
     0.497592E+00    0.490086E-01
     0.496240E+00    0.612053E-01
     0.494588E+00    0.733652E-01
     0.492639E+00    0.854809E-01
     0.490393E+00    0.975452E-01
     0.487851E+00    0.109551E+00
     0.485016E+00    0.121490E+00
     0.481888E+00    0.133356E+00
     0.478470E+00    0.145142E+00
     0.474764E+00    0.156841E+00
     0.470772E+00    0.168445E+00
     0.466496E+00    0.179948E+00
     0.461940E+00    0.191342E+00
     0.457105E+00    0.202621E+00
     0.451995E+00    0.213778E+00
     0.446612E+00    0.224806E+00
     0.440961E+00    0.235698E+00
     0.435043E+00    0.246449E+00
     0.428864E+00    0.257051E+00
     0.422427E+00    0.267499E+00
     0.415735E+00    0.277785E+00
     0.408792E+00    0.287904E+00
     0.401604E+00    0.297850E+00
     0.394173E+00    0.307616E+00
     0.386505E+00    0.317197E+00
     0.378604E+00    0.326586E+00
     0.370476E+00    0.335779E+00
     0.362124E+00    0.344770E+00
     0.353553E+00    0.353553E+00
     0.344770E+00    0.362124E+00
     0.335779E+00    0.370476E+00
     0.326586E+00    0.378604E+00
     0.317197E+00    0.386505E+00
     0.307616E+00    0.394173E+00
     0.297850E+00    0.401604E+00
     0.287904E+00    0.408792E+00
     0.277785E+00    0.415735E+00
     0.267499E+00    0.422427E+00
     0.257051E+00    0.428864E+00
     0.246449E+00    0.435043E+00
     0.235698E+00    0.440961E+00
     0.224806E+00    0.446612E+00
     0.213778E+00    0.451995E+00
     0.202621E+00    0.457105E+00
     0.191342E+00    0.461940E+00
     0.179948E+00    0.466496E+00
     0.168445E+00    0.470772E+00
     0.156841E+00    0.474764E+00
     0.145142E+00    0.478470E+00
     0.133356E+00    0.481888E+00
     0.121490E+00    0.485016E+00
     0.109551E+00    0.487851E+00
     0.975452E-01    0.490393E+00
     0.854809E-01    0.492639E+00
     0.733652E-01    0.494588E+00
     0.612053E-01    0.496240E+00
     0.490086E-01    0.497592E+00
     0.367823E-01    0.498645E+00
     0.245338E-01    0.499398E+00
     0.122706E-01    0.499849E+00
     0.000000E+00    0.500000E+00
    -0.122706E-01    0.499849E+00
    -0.245338E-01    0.499398E+00
    -0.367823E-01    0.498645E+00
    -0.490086E-01    0.497592E+00
    -0.612053E-01    0.496240E+00
    -0.733652E-01    0.494588E+00
    -0.854809E-01    0.492639E+00
    -0.975452E-01    0.490393E+00
    -0.109551E+00    0.487851E+00
    -0.121490E+00    0.485016E+00
    -0.133356E+00    0.481888E+00
    -0.145142E+00    0.478470E+00
    -0.156841E+00    0.474764E+00
    -0.168445E+00    0.470772E+00
    -0.179948E+00    0.466496E+00
    -0.191342E+00    0.461940E+00
    -0.202621E+00    0.457105E+00
    -0.213778E+00    0.451995E+00
    -0.224806E+00    0.446612E+00
    -0.235698E+00    0.440961E+00
    -0.246449E+00    0.435043E+00
    -0.257051E+00    0.428864E+00
    -0.267499E+00    0.422427E+00
    -0.277785E+00    0.415735E+00
    -0.287904E+00    0.408792E+00
    -0.297850E+00    0.401604E+00
    -0.307616E+00    0.394173E+00
    -0.317197E+00    0.386505E+00
    -0.326586E+00    0.378604E+00
    -0.335779E+00    0.370476E+00
    -0.344770E+00    0.362124E+00
    -0.353553E+00    0.353553E+00
    -0.362124E+00    0.344770E+00
    -0.370476E+00    0.335779E+00
    -0.378604E+00    0.326586E+00
    -0.386505E+00    0.317197E+00
    -0.394173E+00    0.307616E+00
    -0.401604E+00    0.297850E+00
    -0.408792E+00    0.287904E+00
    -0.415735E+00    0.277785E+00
    -0.422427E+00    0.267499E+00
    -0.428864E+00    0.257051E+00
    -0.435043E+00    0.246449E+00
    -0.440961E+00    0.235698E+00
    -0.446612E+00    0.224806E+00
    -0.451995E+00    0.213778E+00
    -0.457105E+00    0.202621E+00
    -0.461940E+00    0.191342E+00
    -0.466496E+00    0.179948E+00
    -0.470772E+00    0.168445E+00
    -0.474764E+00    0.156841E+00
    -0.478470E+00    0.145142E+00
    -0.481888E+00    0.133356E+00
    -0.485016E+00    0.121490E+00
    -0.487851E+00    0.109551E+00
    -0.490393E+00    0.975452E-01
    -0.492639E+00    0.854809E-01
    -0.494588E+00    0.733652E-01
    -0.496240E+00    0.612053E-01
    -0.497592E+00    0.490086E-01
    -0.498645E+00    0.367823E-01
    -0.499398E+00    0.245338E-01
    -0.499849E+00    0.122706E-01
    -0.500000E+00    0.000000E+00
    -0.499849E+00   -0.122706E-01
    -0.499398E+00   -0.245338E-01
    -0.498645E+00   -0.367823E-01
    -0.497592E+00   -0.490086E-01
    -0.496240E+00   -0.612053E-01
    -0.494588E+00   -0.733652E-01
    -0.492639E+00   -0.854809E-01
    -0.490393E+00   -0.975452E-01
    -0.487851E+00   -0.109551E+00
    -0.485016E+00   -0.121490E+00
    -0.481888E+00   -0.133356E+00
    -0.478470E+00   -0.145142E+00
    -0.474764E+00   -0.156841E+00
    -0.470772E+00   -0.168445E+00
    -0.466496E+00   -0.179948E+00
    -0.461940E+00   -0.191342E+00
    -0.457105E+00   -0.202621E+00
    -0.451995E+00   -0.213778E+00
    -0.446612E+00   -0.224806E+00
    -0.440961E+00   -0.235698E+00
    -0.435043E+00   -0.246449E+00
    -0.428864E+00   -0.257051E+00
    -0.422427E+00   -0.267499E+00
    -0.415735E+00   -0.277785E+00
    -0.408792E+00   -0.287904E+00
    -0.401604E+00   -0.297850E+00
    -0.394173E+00   -0.307616E+00
    -0.386505E+00   -0.317197E+00
    -0.378604E+00   -0.326586E+00
    -0.370476E+00   -0.335779E+00
    -0.362124E+00   -0.344770E+00
    -0.353553E+00   -0.353553E+00
    -0.344770E+00   -0.362124E+00
    -0.335779E+00   -0.370476E+00
    -0.326586E+00   -0.378604E+00
    -0.317197E+00   -0.386505E+00
    -0.307616E+00   -0.394173E+00
    -0.297850E+00   -0.401604E+00
    -0.287904E+00   -0.408792E+00
    -0.277785E+00   -0.415735E+00
    -0.267499E+00   -0.422427E+00
    -0.257051E+00   -0.428864E+00
    -0.246449E+00   -0.435043E+00
    -0.235698E+00   -0.440961E+00
    -0.224806E+00   -0.446612E+00
    -0.213778E+00   -0.451995E+00
    -0.202621E+00   -0.457105E+00
    -0.191342E+00   -0.461940E+00
    -0.179948E+00   -0.466496E+00
    -0.168445E+00   -0.470772E+00
    -0.156841E+00   -0.474764E+00
    -0.145142E+00   -0.478470E+00
    -0.133356E+00   -0.481888E+00
    -0.121490E+00   -0.485016E+00
    -0.109551E+00   -0.487851E+00
    -0.975452E-01   -0.490393E+00
    -0.854809E-01   -0.492639E+00
    -0.733652E-01   -0.494588E+00
    -0.612053E-01   -0.496240E+00
    -0.490086E-01   -0.497592E+00
    -0.367823E-01   -0.498645E+00
    -0.245338E-01   -0.499398E+00
    -0.122706E-01   -0.499849E+00
     0.000000E+00   -0.500000E+00
     0.122706E-01   -0.499849E+00
     0.245338E-01   -0.499398E+00
     0.367823E-01   -0.498645E+00
     0.490086E-01   -0.497592E+00
     0.612053E-01   -0.496240E+00
     0.733652E-01   -0.494588E+00
     0.854809E-01   -0.492639E+00
     0.975452E-01   -0.490393E+00
     0.109551E+00   -0.487851E+00
     0.121490E+00   -0.485016E+00
     0.133356E+00   -0.481888E+00
     0.145142E+00   -0.478470E+00
     0.156841E+00   -0.474764E+00
     0.168445E+00   -0.470772E+00
     0.179948E+00   -0.466496E+00
     0.191342E+00   -0.461940E+00
     0.202621E+00   -0.457105E+00
     0.213778E+00   -0.451995E+00
     0.224806E+00   -0.446612E+00
     0.235698E+00   -0.440961E+00
     0.246449E+00   -0.435043E+00
     0.257051E+00   -0.428864E+00
     0.267499E+00   -0.422427E+00
     0.277785E+00   -0.415735E+00
     0.287904E+00   -0.408792E+00
     0.297850E+00   -0.401604E+00
     0.307616E+00   -0.394173E+00
     0.317197E+00   -0.386505E+00
     0.326586E+00   -0.378604E+00
     0.335779E+00   -0.370476E+00
     0.344770E+00   -0.362124E+00
     0.353553E+00   -0.353553E+00
     0.362124E+00   -0.344770E+00
     0.370476E+00   -0.335779E+00
     0.378604E+00   -0.326586E+00
     0.386505E+00   -0.317197E+00
     0.394173E+00   -0.307616E+00
     0.401604E+00   -0.297850E+00
     0.408792E+00   -0.287904E+00
     0.415735E+00   -0.277785E+00
     0.422427E+00   -0.267499E+00
     0.428864E+00   -0.257051E+00
     0.435043E+00   -0.246449E+00
     0.440961E+00   -0.235698E+00
     0.446612E+00   -0.224806E+00
     0.451995E+00   -0.213778E+00
     0.457105E+00   -0.202621E+00
     0.461940E+00   -0.191342E+00
     0.466496E+00   -0.179948E+00
     0.470772E+00   -0.168445E+00
     0.474764E+00   -0.156841E+00
     0.478470E+00   -0.145142E+00
     0.481888E+00   -0.133356E+00
     0.485016E+00   -0.121490E+00
     0.487851E+00   -0.109551E+00
     0.490393E+00   -0.975452E-01
     0.492639E+00   -0.854809E-01
     0.494588E+00   -0.733652E-01
     0.496240E+00   -0.612053E-01
     0.497592E+00   -0.490086E-01
     0.498645E+00   -0.367823E-01
     0.499398E+00   -0.245338E-01
     0.499849E+00   -0.122706E-01
     0.500000E+00    0.000000E+00
