    -0.715943E+00   -0.131811E+01
    -0.680735E+00   -0.133548E+01
    -0.644272E+00   -0.135004E+01
    -0.606780E+00   -0.136169E+01
    -0.568490E+00   -0.137036E+01
    -0.529637E+00   -0.137600E+01
    -0.490462E+00   -0.137857E+01
    -0.451205E+00   -0.137806E+01
    -0.412109E+00   -0.137448E+01
    -0.373416E+00   -0.136783E+01
    -0.335362E+00   -0.135817E+01
    -0.298184E+00   -0.134556E+01
    -0.262110E+00   -0.133007E+01
    -0.227363E+00   -0.131179E+01
    -0.194156E+00   -0.129085E+01
    -0.162696E+00   -0.126736E+01
    -0.133174E+00   -0.124148E+01
    -0.105775E+00   -0.121337E+01
    -0.806660E-01   -0.118319E+01
    -0.580024E-01   -0.115113E+01
    -0.379239E-01   -0.111739E+01
    -0.205543E-01   -0.108218E+01
    -0.600057E-02   -0.104572E+01
     0.564742E-02   -0.100823E+01
     0.143179E-01   -0.969937E+00
     0.199574E-01   -0.931084E+00
     0.225313E-01   -0.891909E+00
     0.220235E-01   -0.852653E+00
     0.184372E-01   -0.813557E+00
     0.117946E-01   -0.774863E+00
     0.213657E-02   -0.736810E+00
    -0.104773E-01   -0.699632E+00
    -0.259693E-01   -0.663558E+00
    -0.442438E-01   -0.628810E+00
    -0.651883E-01   -0.595604E+00
    -0.886735E-01   -0.564143E+00
    -0.114555E+00   -0.534622E+00
    -0.142672E+00   -0.507223E+00
    -0.172853E+00   -0.482114E+00
    -0.204911E+00   -0.459450E+00
    -0.238648E+00   -0.439371E+00
    -0.273856E+00   -0.422002E+00
    -0.310319E+00   -0.407448E+00
    -0.347811E+00   -0.395800E+00
    -0.386101E+00   -0.387130E+00
    -0.424954E+00   -0.381490E+00
    -0.464129E+00   -0.378916E+00
    -0.503386E+00   -0.379424E+00
    -0.542481E+00   -0.383010E+00
    -0.581175E+00   -0.389653E+00
    -0.619229E+00   -0.399311E+00
    -0.656407E+00   -0.411925E+00
    -0.692481E+00   -0.427417E+00
    -0.727228E+00   -0.445691E+00
    -0.760434E+00   -0.466636E+00
    -0.791895E+00   -0.490121E+00
    -0.821416E+00   -0.516002E+00
    -0.848816E+00   -0.544120E+00
    -0.873925E+00   -0.574301E+00
    -0.896588E+00   -0.606358E+00
    -0.916667E+00   -0.640095E+00
    -0.934036E+00   -0.675304E+00
    -0.948590E+00   -0.711766E+00
    -0.960238E+00   -0.749258E+00
    -0.968909E+00   -0.787549E+00
    -0.974548E+00   -0.826401E+00
    -0.977122E+00   -0.865577E+00
    -0.976614E+00   -0.904833E+00
    -0.973028E+00   -0.943929E+00
    -0.966385E+00   -0.982623E+00
    -0.956727E+00   -0.102068E+01
    -0.944113E+00   -0.105785E+01
    -0.928621E+00   -0.109393E+01
    -0.910347E+00   -0.112868E+01
    -0.889402E+00   -0.116188E+01
    -0.865917E+00   -0.119334E+01
    -0.840036E+00   -0.122286E+01
    -0.811918E+00   -0.125026E+01
    -0.781738E+00   -0.127537E+01
    -0.749680E+00   -0.129804E+01
    -0.715943E+00   -0.131811E+01
