    -0.132506E+01    0.702996E+00
    -0.135628E+01    0.631016E+00
    -0.137586E+01    0.555038E+00
    -0.138331E+01    0.476933E+00
    -0.137845E+01    0.398625E+00
    -0.136139E+01    0.322041E+00
    -0.133257E+01    0.249068E+00
    -0.129269E+01    0.181502E+00
    -0.124273E+01    0.121006E+00
    -0.118392E+01    0.690715E-01
    -0.111771E+01    0.269759E-01
    -0.104573E+01   -0.424376E-02
    -0.969750E+00   -0.238189E-01
    -0.891646E+00   -0.312675E-01
    -0.813337E+00   -0.264061E-01
    -0.736753E+00   -0.935438E-02
    -0.663780E+00    0.194677E-01
    -0.596214E+00    0.593505E-01
    -0.535719E+00    0.109312E+00
    -0.483784E+00    0.168122E+00
    -0.441688E+00    0.234332E+00
    -0.410469E+00    0.306312E+00
    -0.390893E+00    0.382290E+00
    -0.383445E+00    0.460395E+00
    -0.388306E+00    0.538703E+00
    -0.405358E+00    0.615287E+00
    -0.434180E+00    0.688260E+00
    -0.474063E+00    0.755827E+00
    -0.524024E+00    0.816322E+00
    -0.582834E+00    0.868257E+00
    -0.649044E+00    0.910352E+00
    -0.721025E+00    0.941572E+00
    -0.797003E+00    0.961147E+00
    -0.875107E+00    0.968596E+00
    -0.953416E+00    0.963734E+00
    -0.103000E+01    0.946683E+00
    -0.110297E+01    0.917861E+00
    -0.117054E+01    0.877978E+00
    -0.123103E+01    0.828016E+00
    -0.128297E+01    0.769206E+00
    -0.132506E+01    0.702996E+00
