&vertexinfo nvertex = 30, ndimension = 3, &end
  0.500000000000   0.000000000000   2.000000000000 
  0.489073800367   0.103955845409   2.000000000000 
  0.456772728821   0.203368321538   2.000000000000 
  0.404508497187   0.293892626146   2.000000000000 
  0.334565303179   0.371572412739   2.000000000000 
  0.250000000000   0.433012701892   2.000000000000 
  0.154508497187   0.475528258148   2.000000000000 
  0.052264231634   0.497260947684   2.000000000000 
 -0.052264231634   0.497260947684   2.000000000000 
 -0.154508497187   0.475528258148   2.000000000000 
 -0.250000000000   0.433012701892   2.000000000000 
 -0.334565303179   0.371572412739   2.000000000000 
 -0.404508497187   0.293892626146   2.000000000000 
 -0.456772728821   0.203368321538   2.000000000000 
 -0.489073800367   0.103955845409   2.000000000000 
 -0.500000000000   0.000000000000   2.000000000000 
 -0.489073800367  -0.103955845409   2.000000000000 
 -0.456772728821  -0.203368321538   2.000000000000 
 -0.404508497187  -0.293892626146   2.000000000000 
 -0.334565303179  -0.371572412739   2.000000000000 
 -0.250000000000  -0.433012701892   2.000000000000 
 -0.154508497187  -0.475528258148   2.000000000000 
 -0.052264231634  -0.497260947684   2.000000000000 
  0.052264231634  -0.497260947684   2.000000000000 
  0.154508497187  -0.475528258148   2.000000000000 
  0.250000000000  -0.433012701892   2.000000000000 
  0.334565303179  -0.371572412739   2.000000000000 
  0.404508497187  -0.293892626146   2.000000000000 
  0.456772728821  -0.203368321538   2.000000000000 
  0.489073800367  -0.103955845409   2.000000000000 
  0.500000000000  -0.000000000000   2.000000000000 
