&vertexinfo nvertex = 258, ndimension = 3, &end
  0.866025403784   0.000000000000   0.000000000000 
  0.866025403784   0.012500000000   0.000000000000 
  0.866025403784   0.025000000000   0.000000000000 
  0.866025403784   0.037500000000   0.000000000000 
  0.866025403784   0.050000000000   0.000000000000 
  0.866025403784   0.062500000000   0.000000000000 
  0.866025403784   0.075000000000   0.000000000000 
  0.866025403784   0.087500000000   0.000000000000 
  0.866025403784   0.100000000000   0.000000000000 
  0.866025403784   0.112500000000   0.000000000000 
  0.866025403784   0.125000000000   0.000000000000 
  0.866025403784   0.137500000000   0.000000000000 
  0.866025403784   0.150000000000   0.000000000000 
  0.866025403784   0.162500000000   0.000000000000 
  0.866025403784   0.175000000000   0.000000000000 
  0.866025403784   0.187500000000   0.000000000000 
  0.866025403784   0.200000000000   0.000000000000 
  0.866025403784   0.212500000000   0.000000000000 
  0.866025403784   0.225000000000   0.000000000000 
  0.866025403784   0.237500000000   0.000000000000 
  0.866025403784   0.250000000000   0.000000000000 
  0.866025403784   0.262500000000   0.000000000000 
  0.866025403784   0.275000000000   0.000000000000 
  0.866025403784   0.287500000000   0.000000000000 
  0.866025403784   0.300000000000   0.000000000000 
  0.866025403784   0.312500000000   0.000000000000 
  0.866025403784   0.325000000000   0.000000000000 
  0.866025403784   0.337500000000   0.000000000000 
  0.866025403784   0.350000000000   0.000000000000 
  0.866025403784   0.362500000000   0.000000000000 
  0.866025403784   0.375000000000   0.000000000000 
  0.866025403784   0.387500000000   0.000000000000 
  0.866025403784   0.400000000000   0.000000000000 
  0.866025403784   0.412500000000   0.000000000000 
  0.866025403784   0.425000000000   0.000000000000 
  0.866025403784   0.437500000000   0.000000000000 
  0.866025403784   0.450000000000   0.000000000000 
  0.866025403784   0.462500000000   0.000000000000 
  0.866025403784   0.475000000000   0.000000000000 
  0.866025403784   0.487500000000   0.000000000000 
  0.866025403784   0.500000000000   0.000000000000 
  0.846564158756   0.494382022472   0.000000000000 
  0.827102913727   0.488764044944   0.000000000000 
  0.807641668698   0.483146067416   0.000000000000 
  0.788180423669   0.477528089888   0.000000000000 
  0.768719178640   0.471910112360   0.000000000000 
  0.749257933611   0.466292134831   0.000000000000 
  0.729796688582   0.460674157303   0.000000000000 
  0.710335443554   0.455056179775   0.000000000000 
  0.690874198525   0.449438202247   0.000000000000 
  0.671412953496   0.443820224719   0.000000000000 
  0.651951708467   0.438202247191   0.000000000000 
  0.632490463438   0.432584269663   0.000000000000 
  0.613029218409   0.426966292135   0.000000000000 
  0.593567973380   0.421348314607   0.000000000000 
  0.574106728351   0.415730337079   0.000000000000 
  0.554645483323   0.410112359551   0.000000000000 
  0.535184238294   0.404494382022   0.000000000000 
  0.515722993265   0.398876404494   0.000000000000 
  0.496261748236   0.393258426966   0.000000000000 
  0.476800503207   0.387640449438   0.000000000000 
  0.457339258178   0.382022471910   0.000000000000 
  0.437878013149   0.376404494382   0.000000000000 
  0.418416768121   0.370786516854   0.000000000000 
  0.398955523092   0.365168539326   0.000000000000 
  0.379494278063   0.359550561798   0.000000000000 
  0.360033033034   0.353932584270   0.000000000000 
  0.340571788005   0.348314606742   0.000000000000 
  0.321110542976   0.342696629213   0.000000000000 
  0.301649297947   0.337078651685   0.000000000000 
  0.282188052919   0.331460674157   0.000000000000 
  0.262726807890   0.325842696629   0.000000000000 
  0.243265562861   0.320224719101   0.000000000000 
  0.223804317832   0.314606741573   0.000000000000 
  0.204343072803   0.308988764045   0.000000000000 
  0.184881827774   0.303370786517   0.000000000000 
  0.165420582745   0.297752808989   0.000000000000 
  0.145959337716   0.292134831461   0.000000000000 
  0.126498092688   0.286516853933   0.000000000000 
  0.107036847659   0.280898876404   0.000000000000 
  0.087575602630   0.275280898876   0.000000000000 
  0.068114357601   0.269662921348   0.000000000000 
  0.048653112572   0.264044943820   0.000000000000 
  0.029191867543   0.258426966292   0.000000000000 
  0.009730622514   0.252808988764   0.000000000000 
 -0.009730622514   0.247191011236   0.000000000000 
 -0.029191867543   0.241573033708   0.000000000000 
 -0.048653112572   0.235955056180   0.000000000000 
 -0.068114357601   0.230337078652   0.000000000000 
 -0.087575602630   0.224719101124   0.000000000000 
 -0.107036847659   0.219101123596   0.000000000000 
 -0.126498092688   0.213483146067   0.000000000000 
 -0.145959337716   0.207865168539   0.000000000000 
 -0.165420582745   0.202247191011   0.000000000000 
 -0.184881827774   0.196629213483   0.000000000000 
 -0.204343072803   0.191011235955   0.000000000000 
 -0.223804317832   0.185393258427   0.000000000000 
 -0.243265562861   0.179775280899   0.000000000000 
 -0.262726807890   0.174157303371   0.000000000000 
 -0.282188052919   0.168539325843   0.000000000000 
 -0.301649297947   0.162921348315   0.000000000000 
 -0.321110542976   0.157303370787   0.000000000000 
 -0.340571788005   0.151685393258   0.000000000000 
 -0.360033033034   0.146067415730   0.000000000000 
 -0.379494278063   0.140449438202   0.000000000000 
 -0.398955523092   0.134831460674   0.000000000000 
 -0.418416768121   0.129213483146   0.000000000000 
 -0.437878013149   0.123595505618   0.000000000000 
 -0.457339258178   0.117977528090   0.000000000000 
 -0.476800503207   0.112359550562   0.000000000000 
 -0.496261748236   0.106741573034   0.000000000000 
 -0.515722993265   0.101123595506   0.000000000000 
 -0.535184238294   0.095505617978   0.000000000000 
 -0.554645483323   0.089887640449   0.000000000000 
 -0.574106728351   0.084269662921   0.000000000000 
 -0.593567973380   0.078651685393   0.000000000000 
 -0.613029218409   0.073033707865   0.000000000000 
 -0.632490463438   0.067415730337   0.000000000000 
 -0.651951708467   0.061797752809   0.000000000000 
 -0.671412953496   0.056179775281   0.000000000000 
 -0.690874198525   0.050561797753   0.000000000000 
 -0.710335443554   0.044943820225   0.000000000000 
 -0.729796688582   0.039325842697   0.000000000000 
 -0.749257933611   0.033707865169   0.000000000000 
 -0.768719178640   0.028089887640   0.000000000000 
 -0.788180423669   0.022471910112   0.000000000000 
 -0.807641668698   0.016853932584   0.000000000000 
 -0.827102913727   0.011235955056   0.000000000000 
 -0.846564158756   0.005617977528   0.000000000000 
 -0.866025403784   0.000000000000   0.000000000000 
 -0.846564158756  -0.005617977528   0.000000000000 
 -0.827102913727  -0.011235955056   0.000000000000 
 -0.807641668698  -0.016853932584   0.000000000000 
 -0.788180423669  -0.022471910112   0.000000000000 
 -0.768719178640  -0.028089887640   0.000000000000 
 -0.749257933611  -0.033707865169   0.000000000000 
 -0.729796688582  -0.039325842697   0.000000000000 
 -0.710335443554  -0.044943820225   0.000000000000 
 -0.690874198525  -0.050561797753   0.000000000000 
 -0.671412953496  -0.056179775281   0.000000000000 
 -0.651951708467  -0.061797752809   0.000000000000 
 -0.632490463438  -0.067415730337   0.000000000000 
 -0.613029218409  -0.073033707865   0.000000000000 
 -0.593567973380  -0.078651685393   0.000000000000 
 -0.574106728351  -0.084269662921   0.000000000000 
 -0.554645483323  -0.089887640449   0.000000000000 
 -0.535184238294  -0.095505617978   0.000000000000 
 -0.515722993265  -0.101123595506   0.000000000000 
 -0.496261748236  -0.106741573034   0.000000000000 
 -0.476800503207  -0.112359550562   0.000000000000 
 -0.457339258178  -0.117977528090   0.000000000000 
 -0.437878013149  -0.123595505618   0.000000000000 
 -0.418416768121  -0.129213483146   0.000000000000 
 -0.398955523092  -0.134831460674   0.000000000000 
 -0.379494278063  -0.140449438202   0.000000000000 
 -0.360033033034  -0.146067415730   0.000000000000 
 -0.340571788005  -0.151685393258   0.000000000000 
 -0.321110542976  -0.157303370787   0.000000000000 
 -0.301649297947  -0.162921348315   0.000000000000 
 -0.282188052919  -0.168539325843   0.000000000000 
 -0.262726807890  -0.174157303371   0.000000000000 
 -0.243265562861  -0.179775280899   0.000000000000 
 -0.223804317832  -0.185393258427   0.000000000000 
 -0.204343072803  -0.191011235955   0.000000000000 
 -0.184881827774  -0.196629213483   0.000000000000 
 -0.165420582745  -0.202247191011   0.000000000000 
 -0.145959337716  -0.207865168539   0.000000000000 
 -0.126498092688  -0.213483146067   0.000000000000 
 -0.107036847659  -0.219101123596   0.000000000000 
 -0.087575602630  -0.224719101124   0.000000000000 
 -0.068114357601  -0.230337078652   0.000000000000 
 -0.048653112572  -0.235955056180   0.000000000000 
 -0.029191867543  -0.241573033708   0.000000000000 
 -0.009730622514  -0.247191011236   0.000000000000 
  0.009730622514  -0.252808988764   0.000000000000 
  0.029191867543  -0.258426966292   0.000000000000 
  0.048653112572  -0.264044943820   0.000000000000 
  0.068114357601  -0.269662921348   0.000000000000 
  0.087575602630  -0.275280898876   0.000000000000 
  0.107036847659  -0.280898876404   0.000000000000 
  0.126498092688  -0.286516853933   0.000000000000 
  0.145959337716  -0.292134831461   0.000000000000 
  0.165420582745  -0.297752808989   0.000000000000 
  0.184881827774  -0.303370786517   0.000000000000 
  0.204343072803  -0.308988764045   0.000000000000 
  0.223804317832  -0.314606741573   0.000000000000 
  0.243265562861  -0.320224719101   0.000000000000 
  0.262726807890  -0.325842696629   0.000000000000 
  0.282188052919  -0.331460674157   0.000000000000 
  0.301649297947  -0.337078651685   0.000000000000 
  0.321110542976  -0.342696629213   0.000000000000 
  0.340571788005  -0.348314606742   0.000000000000 
  0.360033033034  -0.353932584270   0.000000000000 
  0.379494278063  -0.359550561798   0.000000000000 
  0.398955523092  -0.365168539326   0.000000000000 
  0.418416768121  -0.370786516854   0.000000000000 
  0.437878013149  -0.376404494382   0.000000000000 
  0.457339258178  -0.382022471910   0.000000000000 
  0.476800503207  -0.387640449438   0.000000000000 
  0.496261748236  -0.393258426966   0.000000000000 
  0.515722993265  -0.398876404494   0.000000000000 
  0.535184238294  -0.404494382022   0.000000000000 
  0.554645483323  -0.410112359551   0.000000000000 
  0.574106728351  -0.415730337079   0.000000000000 
  0.593567973380  -0.421348314607   0.000000000000 
  0.613029218409  -0.426966292135   0.000000000000 
  0.632490463438  -0.432584269663   0.000000000000 
  0.651951708467  -0.438202247191   0.000000000000 
  0.671412953496  -0.443820224719   0.000000000000 
  0.690874198525  -0.449438202247   0.000000000000 
  0.710335443554  -0.455056179775   0.000000000000 
  0.729796688582  -0.460674157303   0.000000000000 
  0.749257933611  -0.466292134831   0.000000000000 
  0.768719178640  -0.471910112360   0.000000000000 
  0.788180423669  -0.477528089888   0.000000000000 
  0.807641668698  -0.483146067416   0.000000000000 
  0.827102913727  -0.488764044944   0.000000000000 
  0.846564158756  -0.494382022472   0.000000000000 
  0.866025403784  -0.500000000000   0.000000000000 
  0.866025403784  -0.487500000000   0.000000000000 
  0.866025403784  -0.475000000000   0.000000000000 
  0.866025403784  -0.462500000000   0.000000000000 
  0.866025403784  -0.450000000000   0.000000000000 
  0.866025403784  -0.437500000000   0.000000000000 
  0.866025403784  -0.425000000000   0.000000000000 
  0.866025403784  -0.412500000000   0.000000000000 
  0.866025403784  -0.400000000000   0.000000000000 
  0.866025403784  -0.387500000000   0.000000000000 
  0.866025403784  -0.375000000000   0.000000000000 
  0.866025403784  -0.362500000000   0.000000000000 
  0.866025403784  -0.350000000000   0.000000000000 
  0.866025403784  -0.337500000000   0.000000000000 
  0.866025403784  -0.325000000000   0.000000000000 
  0.866025403784  -0.312500000000   0.000000000000 
  0.866025403784  -0.300000000000   0.000000000000 
  0.866025403784  -0.287500000000   0.000000000000 
  0.866025403784  -0.275000000000   0.000000000000 
  0.866025403784  -0.262500000000   0.000000000000 
  0.866025403784  -0.250000000000   0.000000000000 
  0.866025403784  -0.237500000000   0.000000000000 
  0.866025403784  -0.225000000000   0.000000000000 
  0.866025403784  -0.212500000000   0.000000000000 
  0.866025403784  -0.200000000000   0.000000000000 
  0.866025403784  -0.187500000000   0.000000000000 
  0.866025403784  -0.175000000000   0.000000000000 
  0.866025403784  -0.162500000000   0.000000000000 
  0.866025403784  -0.150000000000   0.000000000000 
  0.866025403784  -0.137500000000   0.000000000000 
  0.866025403784  -0.125000000000   0.000000000000 
  0.866025403784  -0.112500000000   0.000000000000 
  0.866025403784  -0.100000000000   0.000000000000 
  0.866025403784  -0.087500000000   0.000000000000 
  0.866025403784  -0.075000000000   0.000000000000 
  0.866025403784  -0.062500000000   0.000000000000 
  0.866025403784  -0.050000000000   0.000000000000 
  0.866025403784  -0.037500000000   0.000000000000 
  0.866025403784  -0.025000000000   0.000000000000 
  0.866025403784  -0.012500000000   0.000000000000 
  0.866025403784   0.000000000000   0.000000000000 
