&vertexinfo nvertex = 256, ndimension = 3, &end
  0.510000000000   0.010000000000   0.000000000000
  0.510000000000   0.025625000000   0.000000000000
  0.510000000000   0.041250000000   0.000000000000
  0.510000000000   0.056875000000   0.000000000000
  0.510000000000   0.072500000000   0.000000000000
  0.510000000000   0.088125000000   0.000000000000
  0.510000000000   0.103750000000   0.000000000000
  0.510000000000   0.119375000000   0.000000000000
  0.510000000000   0.135000000000   0.000000000000
  0.510000000000   0.150625000000   0.000000000000
  0.510000000000   0.166250000000   0.000000000000
  0.510000000000   0.181875000000   0.000000000000
  0.510000000000   0.197500000000   0.000000000000
  0.510000000000   0.213125000000   0.000000000000
  0.510000000000   0.228750000000   0.000000000000
  0.510000000000   0.244375000000   0.000000000000
  0.510000000000   0.260000000000   0.000000000000
  0.510000000000   0.275625000000   0.000000000000
  0.510000000000   0.291250000000   0.000000000000
  0.510000000000   0.306875000000   0.000000000000
  0.510000000000   0.322500000000   0.000000000000
  0.510000000000   0.338125000000   0.000000000000
  0.510000000000   0.353750000000   0.000000000000
  0.510000000000   0.369375000000   0.000000000000
  0.510000000000   0.385000000000   0.000000000000
  0.510000000000   0.400625000000   0.000000000000
  0.510000000000   0.416250000000   0.000000000000
  0.510000000000   0.431875000000   0.000000000000
  0.510000000000   0.447500000000   0.000000000000
  0.510000000000   0.463125000000   0.000000000000
  0.510000000000   0.478750000000   0.000000000000
  0.510000000000   0.494375000000   0.000000000000
  0.510000000000   0.510000000000   0.000000000000
  0.494375000000   0.510000000000   0.000000000000
  0.478750000000   0.510000000000   0.000000000000
  0.463125000000   0.510000000000   0.000000000000
  0.447500000000   0.510000000000   0.000000000000
  0.431875000000   0.510000000000   0.000000000000
  0.416250000000   0.510000000000   0.000000000000
  0.400625000000   0.510000000000   0.000000000000
  0.385000000000   0.510000000000   0.000000000000
  0.369375000000   0.510000000000   0.000000000000
  0.353750000000   0.510000000000   0.000000000000
  0.338125000000   0.510000000000   0.000000000000
  0.322500000000   0.510000000000   0.000000000000
  0.306875000000   0.510000000000   0.000000000000
  0.291250000000   0.510000000000   0.000000000000
  0.275625000000   0.510000000000   0.000000000000
  0.260000000000   0.510000000000   0.000000000000
  0.244375000000   0.510000000000   0.000000000000
  0.228750000000   0.510000000000   0.000000000000
  0.213125000000   0.510000000000   0.000000000000
  0.197500000000   0.510000000000   0.000000000000
  0.181875000000   0.510000000000   0.000000000000
  0.166250000000   0.510000000000   0.000000000000
  0.150625000000   0.510000000000   0.000000000000
  0.135000000000   0.510000000000   0.000000000000
  0.119375000000   0.510000000000   0.000000000000
  0.103750000000   0.510000000000   0.000000000000
  0.088125000000   0.510000000000   0.000000000000
  0.072500000000   0.510000000000   0.000000000000
  0.056875000000   0.510000000000   0.000000000000
  0.041250000000   0.510000000000   0.000000000000
  0.025625000000   0.510000000000   0.000000000000
  0.010000000000   0.510000000000   0.000000000000
 -0.005625000000   0.510000000000   0.000000000000
 -0.021250000000   0.510000000000   0.000000000000
 -0.036875000000   0.510000000000   0.000000000000
 -0.052500000000   0.510000000000   0.000000000000
 -0.068125000000   0.510000000000   0.000000000000
 -0.083750000000   0.510000000000   0.000000000000
 -0.099375000000   0.510000000000   0.000000000000
 -0.115000000000   0.510000000000   0.000000000000
 -0.130625000000   0.510000000000   0.000000000000
 -0.146250000000   0.510000000000   0.000000000000
 -0.161875000000   0.510000000000   0.000000000000
 -0.177500000000   0.510000000000   0.000000000000
 -0.193125000000   0.510000000000   0.000000000000
 -0.208750000000   0.510000000000   0.000000000000
 -0.224375000000   0.510000000000   0.000000000000
 -0.240000000000   0.510000000000   0.000000000000
 -0.255625000000   0.510000000000   0.000000000000
 -0.271250000000   0.510000000000   0.000000000000
 -0.286875000000   0.510000000000   0.000000000000
 -0.302500000000   0.510000000000   0.000000000000
 -0.318125000000   0.510000000000   0.000000000000
 -0.333750000000   0.510000000000   0.000000000000
 -0.349375000000   0.510000000000   0.000000000000
 -0.365000000000   0.510000000000   0.000000000000
 -0.380625000000   0.510000000000   0.000000000000
 -0.396250000000   0.510000000000   0.000000000000
 -0.411875000000   0.510000000000   0.000000000000
 -0.427500000000   0.510000000000   0.000000000000
 -0.443125000000   0.510000000000   0.000000000000
 -0.458750000000   0.510000000000   0.000000000000
 -0.474375000000   0.510000000000   0.000000000000
 -0.490000000000   0.510000000000   0.000000000000
 -0.490000000000   0.494375000000   0.000000000000
 -0.490000000000   0.478750000000   0.000000000000
 -0.490000000000   0.463125000000   0.000000000000
 -0.490000000000   0.447500000000   0.000000000000
 -0.490000000000   0.431875000000   0.000000000000
 -0.490000000000   0.416250000000   0.000000000000
 -0.490000000000   0.400625000000   0.000000000000
 -0.490000000000   0.385000000000   0.000000000000
 -0.490000000000   0.369375000000   0.000000000000
 -0.490000000000   0.353750000000   0.000000000000
 -0.490000000000   0.338125000000   0.000000000000
 -0.490000000000   0.322500000000   0.000000000000
 -0.490000000000   0.306875000000   0.000000000000
 -0.490000000000   0.291250000000   0.000000000000
 -0.490000000000   0.275625000000   0.000000000000
 -0.490000000000   0.260000000000   0.000000000000
 -0.490000000000   0.244375000000   0.000000000000
 -0.490000000000   0.228750000000   0.000000000000
 -0.490000000000   0.213125000000   0.000000000000
 -0.490000000000   0.197500000000   0.000000000000
 -0.490000000000   0.181875000000   0.000000000000
 -0.490000000000   0.166250000000   0.000000000000
 -0.490000000000   0.150625000000   0.000000000000
 -0.490000000000   0.135000000000   0.000000000000
 -0.490000000000   0.119375000000   0.000000000000
 -0.490000000000   0.103750000000   0.000000000000
 -0.490000000000   0.088125000000   0.000000000000
 -0.490000000000   0.072500000000   0.000000000000
 -0.490000000000   0.056875000000   0.000000000000
 -0.490000000000   0.041250000000   0.000000000000
 -0.490000000000   0.025625000000   0.000000000000
 -0.490000000000   0.010000000000   0.000000000000
 -0.490000000000  -0.005625000000   0.000000000000
 -0.490000000000  -0.021250000000   0.000000000000
 -0.490000000000  -0.036875000000   0.000000000000
 -0.490000000000  -0.052500000000   0.000000000000
 -0.490000000000  -0.068125000000   0.000000000000
 -0.490000000000  -0.083750000000   0.000000000000
 -0.490000000000  -0.099375000000   0.000000000000
 -0.490000000000  -0.115000000000   0.000000000000
 -0.490000000000  -0.130625000000   0.000000000000
 -0.490000000000  -0.146250000000   0.000000000000
 -0.490000000000  -0.161875000000   0.000000000000
 -0.490000000000  -0.177500000000   0.000000000000
 -0.490000000000  -0.193125000000   0.000000000000
 -0.490000000000  -0.208750000000   0.000000000000
 -0.490000000000  -0.224375000000   0.000000000000
 -0.490000000000  -0.240000000000   0.000000000000
 -0.490000000000  -0.255625000000   0.000000000000
 -0.490000000000  -0.271250000000   0.000000000000
 -0.490000000000  -0.286875000000   0.000000000000
 -0.490000000000  -0.302500000000   0.000000000000
 -0.490000000000  -0.318125000000   0.000000000000
 -0.490000000000  -0.333750000000   0.000000000000
 -0.490000000000  -0.349375000000   0.000000000000
 -0.490000000000  -0.365000000000   0.000000000000
 -0.490000000000  -0.380625000000   0.000000000000
 -0.490000000000  -0.396250000000   0.000000000000
 -0.490000000000  -0.411875000000   0.000000000000
 -0.490000000000  -0.427500000000   0.000000000000
 -0.490000000000  -0.443125000000   0.000000000000
 -0.490000000000  -0.458750000000   0.000000000000
 -0.490000000000  -0.474375000000   0.000000000000
 -0.490000000000  -0.490000000000   0.000000000000
 -0.474375000000  -0.490000000000   0.000000000000
 -0.458750000000  -0.490000000000   0.000000000000
 -0.443125000000  -0.490000000000   0.000000000000
 -0.427500000000  -0.490000000000   0.000000000000
 -0.411875000000  -0.490000000000   0.000000000000
 -0.396250000000  -0.490000000000   0.000000000000
 -0.380625000000  -0.490000000000   0.000000000000
 -0.365000000000  -0.490000000000   0.000000000000
 -0.349375000000  -0.490000000000   0.000000000000
 -0.333750000000  -0.490000000000   0.000000000000
 -0.318125000000  -0.490000000000   0.000000000000
 -0.302500000000  -0.490000000000   0.000000000000
 -0.286875000000  -0.490000000000   0.000000000000
 -0.271250000000  -0.490000000000   0.000000000000
 -0.255625000000  -0.490000000000   0.000000000000
 -0.240000000000  -0.490000000000   0.000000000000
 -0.224375000000  -0.490000000000   0.000000000000
 -0.208750000000  -0.490000000000   0.000000000000
 -0.193125000000  -0.490000000000   0.000000000000
 -0.177500000000  -0.490000000000   0.000000000000
 -0.161875000000  -0.490000000000   0.000000000000
 -0.146250000000  -0.490000000000   0.000000000000
 -0.130625000000  -0.490000000000   0.000000000000
 -0.115000000000  -0.490000000000   0.000000000000
 -0.099375000000  -0.490000000000   0.000000000000
 -0.083750000000  -0.490000000000   0.000000000000
 -0.068125000000  -0.490000000000   0.000000000000
 -0.052500000000  -0.490000000000   0.000000000000
 -0.036875000000  -0.490000000000   0.000000000000
 -0.021250000000  -0.490000000000   0.000000000000
 -0.005625000000  -0.490000000000   0.000000000000
  0.010000000000  -0.490000000000   0.000000000000
  0.025625000000  -0.490000000000   0.000000000000
  0.041250000000  -0.490000000000   0.000000000000
  0.056875000000  -0.490000000000   0.000000000000
  0.072500000000  -0.490000000000   0.000000000000
  0.088125000000  -0.490000000000   0.000000000000
  0.103750000000  -0.490000000000   0.000000000000
  0.119375000000  -0.490000000000   0.000000000000
  0.135000000000  -0.490000000000   0.000000000000
  0.150625000000  -0.490000000000   0.000000000000
  0.166250000000  -0.490000000000   0.000000000000
  0.181875000000  -0.490000000000   0.000000000000
  0.197500000000  -0.490000000000   0.000000000000
  0.213125000000  -0.490000000000   0.000000000000
  0.228750000000  -0.490000000000   0.000000000000
  0.244375000000  -0.490000000000   0.000000000000
  0.260000000000  -0.490000000000   0.000000000000
  0.275625000000  -0.490000000000   0.000000000000
  0.291250000000  -0.490000000000   0.000000000000
  0.306875000000  -0.490000000000   0.000000000000
  0.322500000000  -0.490000000000   0.000000000000
  0.338125000000  -0.490000000000   0.000000000000
  0.353750000000  -0.490000000000   0.000000000000
  0.369375000000  -0.490000000000   0.000000000000
  0.385000000000  -0.490000000000   0.000000000000
  0.400625000000  -0.490000000000   0.000000000000
  0.416250000000  -0.490000000000   0.000000000000
  0.431875000000  -0.490000000000   0.000000000000
  0.447500000000  -0.490000000000   0.000000000000
  0.463125000000  -0.490000000000   0.000000000000
  0.478750000000  -0.490000000000   0.000000000000
  0.494375000000  -0.490000000000   0.000000000000
  0.510000000000  -0.490000000000   0.000000000000
  0.510000000000  -0.474375000000   0.000000000000
  0.510000000000  -0.458750000000   0.000000000000
  0.510000000000  -0.443125000000   0.000000000000
  0.510000000000  -0.427500000000   0.000000000000
  0.510000000000  -0.411875000000   0.000000000000
  0.510000000000  -0.396250000000   0.000000000000
  0.510000000000  -0.380625000000   0.000000000000
  0.510000000000  -0.365000000000   0.000000000000
  0.510000000000  -0.349375000000   0.000000000000
  0.510000000000  -0.333750000000   0.000000000000
  0.510000000000  -0.318125000000   0.000000000000
  0.510000000000  -0.302500000000   0.000000000000
  0.510000000000  -0.286875000000   0.000000000000
  0.510000000000  -0.271250000000   0.000000000000
  0.510000000000  -0.255625000000   0.000000000000
  0.510000000000  -0.240000000000   0.000000000000
  0.510000000000  -0.224375000000   0.000000000000
  0.510000000000  -0.208750000000   0.000000000000
  0.510000000000  -0.193125000000   0.000000000000
  0.510000000000  -0.177500000000   0.000000000000
  0.510000000000  -0.161875000000   0.000000000000
  0.510000000000  -0.146250000000   0.000000000000
  0.510000000000  -0.130625000000   0.000000000000
  0.510000000000  -0.115000000000   0.000000000000
  0.510000000000  -0.099375000000   0.000000000000
  0.510000000000  -0.083750000000   0.000000000000
  0.510000000000  -0.068125000000   0.000000000000
  0.510000000000  -0.052500000000   0.000000000000
  0.510000000000  -0.036875000000   0.000000000000
  0.510000000000  -0.021250000000   0.000000000000
  0.510000000000  -0.005625000000   0.000000000000
  0.510000000000   0.010000000000   0.000000000000
