&vertexinfo nvertex = 64, ndimension = 3, &end
  0.500000000000   0.000000000000   2.000000000000 
  0.497592363336   0.049008570165   2.000000000000 
  0.490392640202   0.097545161008   2.000000000000 
  0.478470167866   0.145142338627   2.000000000000 
  0.461939766256   0.191341716183   2.000000000000 
  0.440960632174   0.235698368413   2.000000000000 
  0.415734806151   0.277785116510   2.000000000000 
  0.386505226681   0.317196642082   2.000000000000 
  0.353553390593   0.353553390593   2.000000000000 
  0.317196642082   0.386505226681   2.000000000000 
  0.277785116510   0.415734806151   2.000000000000 
  0.235698368413   0.440960632174   2.000000000000 
  0.191341716183   0.461939766256   2.000000000000 
  0.145142338627   0.478470167866   2.000000000000 
  0.097545161008   0.490392640202   2.000000000000 
  0.049008570165   0.497592363336   2.000000000000 
  0.000000000000   0.500000000000   2.000000000000 
 -0.049008570165   0.497592363336   2.000000000000 
 -0.097545161008   0.490392640202   2.000000000000 
 -0.145142338627   0.478470167866   2.000000000000 
 -0.191341716183   0.461939766256   2.000000000000 
 -0.235698368413   0.440960632174   2.000000000000 
 -0.277785116510   0.415734806151   2.000000000000 
 -0.317196642082   0.386505226681   2.000000000000 
 -0.353553390593   0.353553390593   2.000000000000 
 -0.386505226681   0.317196642082   2.000000000000 
 -0.415734806151   0.277785116510   2.000000000000 
 -0.440960632174   0.235698368413   2.000000000000 
 -0.461939766256   0.191341716183   2.000000000000 
 -0.478470167866   0.145142338627   2.000000000000 
 -0.490392640202   0.097545161008   2.000000000000 
 -0.497592363336   0.049008570165   2.000000000000 
 -0.500000000000   0.000000000000   2.000000000000 
 -0.497592363336  -0.049008570165   2.000000000000 
 -0.490392640202  -0.097545161008   2.000000000000 
 -0.478470167866  -0.145142338627   2.000000000000 
 -0.461939766256  -0.191341716183   2.000000000000 
 -0.440960632174  -0.235698368413   2.000000000000 
 -0.415734806151  -0.277785116510   2.000000000000 
 -0.386505226681  -0.317196642082   2.000000000000 
 -0.353553390593  -0.353553390593   2.000000000000 
 -0.317196642082  -0.386505226681   2.000000000000 
 -0.277785116510  -0.415734806151   2.000000000000 
 -0.235698368413  -0.440960632174   2.000000000000 
 -0.191341716183  -0.461939766256   2.000000000000 
 -0.145142338627  -0.478470167866   2.000000000000 
 -0.097545161008  -0.490392640202   2.000000000000 
 -0.049008570165  -0.497592363336   2.000000000000 
 -0.000000000000  -0.500000000000   2.000000000000 
  0.049008570165  -0.497592363336   2.000000000000 
  0.097545161008  -0.490392640202   2.000000000000 
  0.145142338627  -0.478470167866   2.000000000000 
  0.191341716183  -0.461939766256   2.000000000000 
  0.235698368413  -0.440960632174   2.000000000000 
  0.277785116510  -0.415734806151   2.000000000000 
  0.317196642082  -0.386505226681   2.000000000000 
  0.353553390593  -0.353553390593   2.000000000000 
  0.386505226681  -0.317196642082   2.000000000000 
  0.415734806151  -0.277785116510   2.000000000000 
  0.440960632174  -0.235698368413   2.000000000000 
  0.461939766256  -0.191341716183   2.000000000000 
  0.478470167866  -0.145142338627   2.000000000000 
  0.490392640202  -0.097545161008   2.000000000000 
  0.497592363336  -0.049008570165   2.000000000000 
  0.500000000000  -0.000000000000   2.000000000000 
