&vertexinfo nvertex = 240, ndimension = 3, &end
  0.500000000000   0.000000000000   2.000000000000 
  0.499828662488   0.013088474154   2.000000000000 
  0.499314767377   0.026167978121   2.000000000000 
  0.498458666867   0.039229547864   2.000000000000 
  0.497260947684   0.052264231634   2.000000000000 
  0.495722430687   0.065263096110   2.000000000000 
  0.493844170298   0.078217232520   2.000000000000 
  0.491627453782   0.091117762746   2.000000000000 
  0.489073800367   0.103955845409   2.000000000000 
  0.486184960199   0.116722681928   2.000000000000 
  0.482962913145   0.129409522551   2.000000000000 
  0.479409867434   0.142007672352   2.000000000000 
  0.475528258148   0.154508497187   2.000000000000 
  0.471320745546   0.166903429617   2.000000000000 
  0.466790213249   0.179183974773   2.000000000000 
  0.461939766256   0.191341716183   2.000000000000 
  0.456772728821   0.203368321538   2.000000000000 
  0.451292642175   0.215255548404   2.000000000000 
  0.445503262094   0.226995249870   2.000000000000 
  0.439408556331   0.238579380130   2.000000000000 
  0.433012701892   0.250000000000   2.000000000000 
  0.426320082177   0.261249282358   2.000000000000 
  0.419335283973   0.272319517508   2.000000000000 
  0.412063094311   0.283203118462   2.000000000000 
  0.404508497187   0.293892626146   2.000000000000 
  0.396676670146   0.304380714504   2.000000000000 
  0.388572980728   0.314660195525   2.000000000000 
  0.380202982800   0.324724024165   2.000000000000 
  0.371572412739   0.334565303179   2.000000000000 
  0.362687185506   0.344177287847   2.000000000000 
  0.353553390593   0.353553390593   2.000000000000 
  0.344177287847   0.362687185506   2.000000000000 
  0.334565303179   0.371572412739   2.000000000000 
  0.324724024165   0.380202982800   2.000000000000 
  0.314660195525   0.388572980728   2.000000000000 
  0.304380714504   0.396676670146   2.000000000000 
  0.293892626146   0.404508497187   2.000000000000 
  0.283203118462   0.412063094311   2.000000000000 
  0.272319517508   0.419335283973   2.000000000000 
  0.261249282358   0.426320082177   2.000000000000 
  0.250000000000   0.433012701892   2.000000000000 
  0.238579380130   0.439408556331   2.000000000000 
  0.226995249870   0.445503262094   2.000000000000 
  0.215255548404   0.451292642175   2.000000000000 
  0.203368321538   0.456772728821   2.000000000000 
  0.191341716183   0.461939766256   2.000000000000 
  0.179183974773   0.466790213249   2.000000000000 
  0.166903429617   0.471320745546   2.000000000000 
  0.154508497187   0.475528258148   2.000000000000 
  0.142007672352   0.479409867434   2.000000000000 
  0.129409522551   0.482962913145   2.000000000000 
  0.116722681928   0.486184960199   2.000000000000 
  0.103955845409   0.489073800367   2.000000000000 
  0.091117762746   0.491627453782   2.000000000000 
  0.078217232520   0.493844170298   2.000000000000 
  0.065263096110   0.495722430687   2.000000000000 
  0.052264231634   0.497260947684   2.000000000000 
  0.039229547864   0.498458666867   2.000000000000 
  0.026167978121   0.499314767377   2.000000000000 
  0.013088474154   0.499828662488   2.000000000000 
  0.000000000000   0.500000000000   2.000000000000 
 -0.013088474154   0.499828662488   2.000000000000 
 -0.026167978121   0.499314767377   2.000000000000 
 -0.039229547864   0.498458666867   2.000000000000 
 -0.052264231634   0.497260947684   2.000000000000 
 -0.065263096110   0.495722430687   2.000000000000 
 -0.078217232520   0.493844170298   2.000000000000 
 -0.091117762746   0.491627453782   2.000000000000 
 -0.103955845409   0.489073800367   2.000000000000 
 -0.116722681928   0.486184960199   2.000000000000 
 -0.129409522551   0.482962913145   2.000000000000 
 -0.142007672352   0.479409867434   2.000000000000 
 -0.154508497187   0.475528258148   2.000000000000 
 -0.166903429617   0.471320745546   2.000000000000 
 -0.179183974773   0.466790213249   2.000000000000 
 -0.191341716183   0.461939766256   2.000000000000 
 -0.203368321538   0.456772728821   2.000000000000 
 -0.215255548404   0.451292642175   2.000000000000 
 -0.226995249870   0.445503262094   2.000000000000 
 -0.238579380130   0.439408556331   2.000000000000 
 -0.250000000000   0.433012701892   2.000000000000 
 -0.261249282358   0.426320082177   2.000000000000 
 -0.272319517508   0.419335283973   2.000000000000 
 -0.283203118462   0.412063094311   2.000000000000 
 -0.293892626146   0.404508497187   2.000000000000 
 -0.304380714504   0.396676670146   2.000000000000 
 -0.314660195525   0.388572980728   2.000000000000 
 -0.324724024165   0.380202982800   2.000000000000 
 -0.334565303179   0.371572412739   2.000000000000 
 -0.344177287847   0.362687185506   2.000000000000 
 -0.353553390593   0.353553390593   2.000000000000 
 -0.362687185506   0.344177287847   2.000000000000 
 -0.371572412739   0.334565303179   2.000000000000 
 -0.380202982800   0.324724024165   2.000000000000 
 -0.388572980728   0.314660195525   2.000000000000 
 -0.396676670146   0.304380714504   2.000000000000 
 -0.404508497187   0.293892626146   2.000000000000 
 -0.412063094311   0.283203118462   2.000000000000 
 -0.419335283973   0.272319517508   2.000000000000 
 -0.426320082177   0.261249282358   2.000000000000 
 -0.433012701892   0.250000000000   2.000000000000 
 -0.439408556331   0.238579380130   2.000000000000 
 -0.445503262094   0.226995249870   2.000000000000 
 -0.451292642175   0.215255548404   2.000000000000 
 -0.456772728821   0.203368321538   2.000000000000 
 -0.461939766256   0.191341716183   2.000000000000 
 -0.466790213249   0.179183974773   2.000000000000 
 -0.471320745546   0.166903429617   2.000000000000 
 -0.475528258148   0.154508497187   2.000000000000 
 -0.479409867434   0.142007672352   2.000000000000 
 -0.482962913145   0.129409522551   2.000000000000 
 -0.486184960199   0.116722681928   2.000000000000 
 -0.489073800367   0.103955845409   2.000000000000 
 -0.491627453782   0.091117762746   2.000000000000 
 -0.493844170298   0.078217232520   2.000000000000 
 -0.495722430687   0.065263096110   2.000000000000 
 -0.497260947684   0.052264231634   2.000000000000 
 -0.498458666867   0.039229547864   2.000000000000 
 -0.499314767377   0.026167978121   2.000000000000 
 -0.499828662488   0.013088474154   2.000000000000 
 -0.500000000000   0.000000000000   2.000000000000 
 -0.499828662488  -0.013088474154   2.000000000000 
 -0.499314767377  -0.026167978121   2.000000000000 
 -0.498458666867  -0.039229547864   2.000000000000 
 -0.497260947684  -0.052264231634   2.000000000000 
 -0.495722430687  -0.065263096110   2.000000000000 
 -0.493844170298  -0.078217232520   2.000000000000 
 -0.491627453782  -0.091117762746   2.000000000000 
 -0.489073800367  -0.103955845409   2.000000000000 
 -0.486184960199  -0.116722681928   2.000000000000 
 -0.482962913145  -0.129409522551   2.000000000000 
 -0.479409867434  -0.142007672352   2.000000000000 
 -0.475528258148  -0.154508497187   2.000000000000 
 -0.471320745546  -0.166903429617   2.000000000000 
 -0.466790213249  -0.179183974773   2.000000000000 
 -0.461939766256  -0.191341716183   2.000000000000 
 -0.456772728821  -0.203368321538   2.000000000000 
 -0.451292642175  -0.215255548404   2.000000000000 
 -0.445503262094  -0.226995249870   2.000000000000 
 -0.439408556331  -0.238579380130   2.000000000000 
 -0.433012701892  -0.250000000000   2.000000000000 
 -0.426320082177  -0.261249282358   2.000000000000 
 -0.419335283973  -0.272319517508   2.000000000000 
 -0.412063094311  -0.283203118462   2.000000000000 
 -0.404508497187  -0.293892626146   2.000000000000 
 -0.396676670146  -0.304380714504   2.000000000000 
 -0.388572980728  -0.314660195525   2.000000000000 
 -0.380202982800  -0.324724024165   2.000000000000 
 -0.371572412739  -0.334565303179   2.000000000000 
 -0.362687185506  -0.344177287847   2.000000000000 
 -0.353553390593  -0.353553390593   2.000000000000 
 -0.344177287847  -0.362687185506   2.000000000000 
 -0.334565303179  -0.371572412739   2.000000000000 
 -0.324724024165  -0.380202982800   2.000000000000 
 -0.314660195525  -0.388572980728   2.000000000000 
 -0.304380714504  -0.396676670146   2.000000000000 
 -0.293892626146  -0.404508497187   2.000000000000 
 -0.283203118462  -0.412063094311   2.000000000000 
 -0.272319517508  -0.419335283973   2.000000000000 
 -0.261249282358  -0.426320082177   2.000000000000 
 -0.250000000000  -0.433012701892   2.000000000000 
 -0.238579380130  -0.439408556331   2.000000000000 
 -0.226995249870  -0.445503262094   2.000000000000 
 -0.215255548404  -0.451292642175   2.000000000000 
 -0.203368321538  -0.456772728821   2.000000000000 
 -0.191341716183  -0.461939766256   2.000000000000 
 -0.179183974773  -0.466790213249   2.000000000000 
 -0.166903429617  -0.471320745546   2.000000000000 
 -0.154508497187  -0.475528258148   2.000000000000 
 -0.142007672352  -0.479409867434   2.000000000000 
 -0.129409522551  -0.482962913145   2.000000000000 
 -0.116722681928  -0.486184960199   2.000000000000 
 -0.103955845409  -0.489073800367   2.000000000000 
 -0.091117762746  -0.491627453782   2.000000000000 
 -0.078217232520  -0.493844170298   2.000000000000 
 -0.065263096110  -0.495722430687   2.000000000000 
 -0.052264231634  -0.497260947684   2.000000000000 
 -0.039229547864  -0.498458666867   2.000000000000 
 -0.026167978121  -0.499314767377   2.000000000000 
 -0.013088474154  -0.499828662488   2.000000000000 
 -0.000000000000  -0.500000000000   2.000000000000 
  0.013088474154  -0.499828662488   2.000000000000 
  0.026167978121  -0.499314767377   2.000000000000 
  0.039229547864  -0.498458666867   2.000000000000 
  0.052264231634  -0.497260947684   2.000000000000 
  0.065263096110  -0.495722430687   2.000000000000 
  0.078217232520  -0.493844170298   2.000000000000 
  0.091117762746  -0.491627453782   2.000000000000 
  0.103955845409  -0.489073800367   2.000000000000 
  0.116722681928  -0.486184960199   2.000000000000 
  0.129409522551  -0.482962913145   2.000000000000 
  0.142007672352  -0.479409867434   2.000000000000 
  0.154508497187  -0.475528258148   2.000000000000 
  0.166903429617  -0.471320745546   2.000000000000 
  0.179183974773  -0.466790213249   2.000000000000 
  0.191341716183  -0.461939766256   2.000000000000 
  0.203368321538  -0.456772728821   2.000000000000 
  0.215255548404  -0.451292642175   2.000000000000 
  0.226995249870  -0.445503262094   2.000000000000 
  0.238579380130  -0.439408556331   2.000000000000 
  0.250000000000  -0.433012701892   2.000000000000 
  0.261249282358  -0.426320082177   2.000000000000 
  0.272319517508  -0.419335283973   2.000000000000 
  0.283203118462  -0.412063094311   2.000000000000 
  0.293892626146  -0.404508497187   2.000000000000 
  0.304380714504  -0.396676670146   2.000000000000 
  0.314660195525  -0.388572980728   2.000000000000 
  0.324724024165  -0.380202982800   2.000000000000 
  0.334565303179  -0.371572412739   2.000000000000 
  0.344177287847  -0.362687185506   2.000000000000 
  0.353553390593  -0.353553390593   2.000000000000 
  0.362687185506  -0.344177287847   2.000000000000 
  0.371572412739  -0.334565303179   2.000000000000 
  0.380202982800  -0.324724024165   2.000000000000 
  0.388572980728  -0.314660195525   2.000000000000 
  0.396676670146  -0.304380714504   2.000000000000 
  0.404508497187  -0.293892626146   2.000000000000 
  0.412063094311  -0.283203118462   2.000000000000 
  0.419335283973  -0.272319517508   2.000000000000 
  0.426320082177  -0.261249282358   2.000000000000 
  0.433012701892  -0.250000000000   2.000000000000 
  0.439408556331  -0.238579380130   2.000000000000 
  0.445503262094  -0.226995249870   2.000000000000 
  0.451292642175  -0.215255548404   2.000000000000 
  0.456772728821  -0.203368321538   2.000000000000 
  0.461939766256  -0.191341716183   2.000000000000 
  0.466790213249  -0.179183974773   2.000000000000 
  0.471320745546  -0.166903429617   2.000000000000 
  0.475528258148  -0.154508497187   2.000000000000 
  0.479409867434  -0.142007672352   2.000000000000 
  0.482962913145  -0.129409522551   2.000000000000 
  0.486184960199  -0.116722681928   2.000000000000 
  0.489073800367  -0.103955845409   2.000000000000 
  0.491627453782  -0.091117762746   2.000000000000 
  0.493844170298  -0.078217232520   2.000000000000 
  0.495722430687  -0.065263096110   2.000000000000 
  0.497260947684  -0.052264231634   2.000000000000 
  0.498458666867  -0.039229547864   2.000000000000 
  0.499314767377  -0.026167978121   2.000000000000 
  0.499828662488  -0.013088474154   2.000000000000 
  0.500000000000  -0.000000000000   2.000000000000 
