&vertexinfo nvertex = 80, ndimension = 3, &end
  0.500000000000   0.000000000000   2.000000000000 
  0.498458666867   0.039229547864   2.000000000000 
  0.493844170298   0.078217232520   2.000000000000 
  0.486184960199   0.116722681928   2.000000000000 
  0.475528258148   0.154508497187   2.000000000000 
  0.461939766256   0.191341716183   2.000000000000 
  0.445503262094   0.226995249870   2.000000000000 
  0.426320082177   0.261249282358   2.000000000000 
  0.404508497187   0.293892626146   2.000000000000 
  0.380202982800   0.324724024165   2.000000000000 
  0.353553390593   0.353553390593   2.000000000000 
  0.324724024165   0.380202982800   2.000000000000 
  0.293892626146   0.404508497187   2.000000000000 
  0.261249282358   0.426320082177   2.000000000000 
  0.226995249870   0.445503262094   2.000000000000 
  0.191341716183   0.461939766256   2.000000000000 
  0.154508497187   0.475528258148   2.000000000000 
  0.116722681928   0.486184960199   2.000000000000 
  0.078217232520   0.493844170298   2.000000000000 
  0.039229547864   0.498458666867   2.000000000000 
  0.000000000000   0.500000000000   2.000000000000 
 -0.039229547864   0.498458666867   2.000000000000 
 -0.078217232520   0.493844170298   2.000000000000 
 -0.116722681928   0.486184960199   2.000000000000 
 -0.154508497187   0.475528258148   2.000000000000 
 -0.191341716183   0.461939766256   2.000000000000 
 -0.226995249870   0.445503262094   2.000000000000 
 -0.261249282358   0.426320082177   2.000000000000 
 -0.293892626146   0.404508497187   2.000000000000 
 -0.324724024165   0.380202982800   2.000000000000 
 -0.353553390593   0.353553390593   2.000000000000 
 -0.380202982800   0.324724024165   2.000000000000 
 -0.404508497187   0.293892626146   2.000000000000 
 -0.426320082177   0.261249282358   2.000000000000 
 -0.445503262094   0.226995249870   2.000000000000 
 -0.461939766256   0.191341716183   2.000000000000 
 -0.475528258148   0.154508497187   2.000000000000 
 -0.486184960199   0.116722681928   2.000000000000 
 -0.493844170298   0.078217232520   2.000000000000 
 -0.498458666867   0.039229547864   2.000000000000 
 -0.500000000000   0.000000000000   2.000000000000 
 -0.498458666867  -0.039229547864   2.000000000000 
 -0.493844170298  -0.078217232520   2.000000000000 
 -0.486184960199  -0.116722681928   2.000000000000 
 -0.475528258148  -0.154508497187   2.000000000000 
 -0.461939766256  -0.191341716183   2.000000000000 
 -0.445503262094  -0.226995249870   2.000000000000 
 -0.426320082177  -0.261249282358   2.000000000000 
 -0.404508497187  -0.293892626146   2.000000000000 
 -0.380202982800  -0.324724024165   2.000000000000 
 -0.353553390593  -0.353553390593   2.000000000000 
 -0.324724024165  -0.380202982800   2.000000000000 
 -0.293892626146  -0.404508497187   2.000000000000 
 -0.261249282358  -0.426320082177   2.000000000000 
 -0.226995249870  -0.445503262094   2.000000000000 
 -0.191341716183  -0.461939766256   2.000000000000 
 -0.154508497187  -0.475528258148   2.000000000000 
 -0.116722681928  -0.486184960199   2.000000000000 
 -0.078217232520  -0.493844170298   2.000000000000 
 -0.039229547864  -0.498458666867   2.000000000000 
 -0.000000000000  -0.500000000000   2.000000000000 
  0.039229547864  -0.498458666867   2.000000000000 
  0.078217232520  -0.493844170298   2.000000000000 
  0.116722681928  -0.486184960199   2.000000000000 
  0.154508497187  -0.475528258148   2.000000000000 
  0.191341716183  -0.461939766256   2.000000000000 
  0.226995249870  -0.445503262094   2.000000000000 
  0.261249282358  -0.426320082177   2.000000000000 
  0.293892626146  -0.404508497187   2.000000000000 
  0.324724024165  -0.380202982800   2.000000000000 
  0.353553390593  -0.353553390593   2.000000000000 
  0.380202982800  -0.324724024165   2.000000000000 
  0.404508497187  -0.293892626146   2.000000000000 
  0.426320082177  -0.261249282358   2.000000000000 
  0.445503262094  -0.226995249870   2.000000000000 
  0.461939766256  -0.191341716183   2.000000000000 
  0.475528258148  -0.154508497187   2.000000000000 
  0.486184960199  -0.116722681928   2.000000000000 
  0.493844170298  -0.078217232520   2.000000000000 
  0.498458666867  -0.039229547864   2.000000000000 
  0.500000000000  -0.000000000000   2.000000000000 
