&vertexinfo nvertex = 120, ndimension = 3, &end
  0.500000000000   0.000000000000   2.000000000000 
  0.499314767377   0.026167978121   2.000000000000 
  0.497260947684   0.052264231634   2.000000000000 
  0.493844170298   0.078217232520   2.000000000000 
  0.489073800367   0.103955845409   2.000000000000 
  0.482962913145   0.129409522551   2.000000000000 
  0.475528258148   0.154508497187   2.000000000000 
  0.466790213249   0.179183974773   2.000000000000 
  0.456772728821   0.203368321538   2.000000000000 
  0.445503262094   0.226995249870   2.000000000000 
  0.433012701892   0.250000000000   2.000000000000 
  0.419335283973   0.272319517508   2.000000000000 
  0.404508497187   0.293892626146   2.000000000000 
  0.388572980728   0.314660195525   2.000000000000 
  0.371572412739   0.334565303179   2.000000000000 
  0.353553390593   0.353553390593   2.000000000000 
  0.334565303179   0.371572412739   2.000000000000 
  0.314660195525   0.388572980728   2.000000000000 
  0.293892626146   0.404508497187   2.000000000000 
  0.272319517508   0.419335283973   2.000000000000 
  0.250000000000   0.433012701892   2.000000000000 
  0.226995249870   0.445503262094   2.000000000000 
  0.203368321538   0.456772728821   2.000000000000 
  0.179183974773   0.466790213249   2.000000000000 
  0.154508497187   0.475528258148   2.000000000000 
  0.129409522551   0.482962913145   2.000000000000 
  0.103955845409   0.489073800367   2.000000000000 
  0.078217232520   0.493844170298   2.000000000000 
  0.052264231634   0.497260947684   2.000000000000 
  0.026167978121   0.499314767377   2.000000000000 
  0.000000000000   0.500000000000   2.000000000000 
 -0.026167978121   0.499314767377   2.000000000000 
 -0.052264231634   0.497260947684   2.000000000000 
 -0.078217232520   0.493844170298   2.000000000000 
 -0.103955845409   0.489073800367   2.000000000000 
 -0.129409522551   0.482962913145   2.000000000000 
 -0.154508497187   0.475528258148   2.000000000000 
 -0.179183974773   0.466790213249   2.000000000000 
 -0.203368321538   0.456772728821   2.000000000000 
 -0.226995249870   0.445503262094   2.000000000000 
 -0.250000000000   0.433012701892   2.000000000000 
 -0.272319517508   0.419335283973   2.000000000000 
 -0.293892626146   0.404508497187   2.000000000000 
 -0.314660195525   0.388572980728   2.000000000000 
 -0.334565303179   0.371572412739   2.000000000000 
 -0.353553390593   0.353553390593   2.000000000000 
 -0.371572412739   0.334565303179   2.000000000000 
 -0.388572980728   0.314660195525   2.000000000000 
 -0.404508497187   0.293892626146   2.000000000000 
 -0.419335283973   0.272319517508   2.000000000000 
 -0.433012701892   0.250000000000   2.000000000000 
 -0.445503262094   0.226995249870   2.000000000000 
 -0.456772728821   0.203368321538   2.000000000000 
 -0.466790213249   0.179183974773   2.000000000000 
 -0.475528258148   0.154508497187   2.000000000000 
 -0.482962913145   0.129409522551   2.000000000000 
 -0.489073800367   0.103955845409   2.000000000000 
 -0.493844170298   0.078217232520   2.000000000000 
 -0.497260947684   0.052264231634   2.000000000000 
 -0.499314767377   0.026167978121   2.000000000000 
 -0.500000000000   0.000000000000   2.000000000000 
 -0.499314767377  -0.026167978121   2.000000000000 
 -0.497260947684  -0.052264231634   2.000000000000 
 -0.493844170298  -0.078217232520   2.000000000000 
 -0.489073800367  -0.103955845409   2.000000000000 
 -0.482962913145  -0.129409522551   2.000000000000 
 -0.475528258148  -0.154508497187   2.000000000000 
 -0.466790213249  -0.179183974773   2.000000000000 
 -0.456772728821  -0.203368321538   2.000000000000 
 -0.445503262094  -0.226995249870   2.000000000000 
 -0.433012701892  -0.250000000000   2.000000000000 
 -0.419335283973  -0.272319517508   2.000000000000 
 -0.404508497187  -0.293892626146   2.000000000000 
 -0.388572980728  -0.314660195525   2.000000000000 
 -0.371572412739  -0.334565303179   2.000000000000 
 -0.353553390593  -0.353553390593   2.000000000000 
 -0.334565303179  -0.371572412739   2.000000000000 
 -0.314660195525  -0.388572980728   2.000000000000 
 -0.293892626146  -0.404508497187   2.000000000000 
 -0.272319517508  -0.419335283973   2.000000000000 
 -0.250000000000  -0.433012701892   2.000000000000 
 -0.226995249870  -0.445503262094   2.000000000000 
 -0.203368321538  -0.456772728821   2.000000000000 
 -0.179183974773  -0.466790213249   2.000000000000 
 -0.154508497187  -0.475528258148   2.000000000000 
 -0.129409522551  -0.482962913145   2.000000000000 
 -0.103955845409  -0.489073800367   2.000000000000 
 -0.078217232520  -0.493844170298   2.000000000000 
 -0.052264231634  -0.497260947684   2.000000000000 
 -0.026167978121  -0.499314767377   2.000000000000 
 -0.000000000000  -0.500000000000   2.000000000000 
  0.026167978121  -0.499314767377   2.000000000000 
  0.052264231634  -0.497260947684   2.000000000000 
  0.078217232520  -0.493844170298   2.000000000000 
  0.103955845409  -0.489073800367   2.000000000000 
  0.129409522551  -0.482962913145   2.000000000000 
  0.154508497187  -0.475528258148   2.000000000000 
  0.179183974773  -0.466790213249   2.000000000000 
  0.203368321538  -0.456772728821   2.000000000000 
  0.226995249870  -0.445503262094   2.000000000000 
  0.250000000000  -0.433012701892   2.000000000000 
  0.272319517508  -0.419335283973   2.000000000000 
  0.293892626146  -0.404508497187   2.000000000000 
  0.314660195525  -0.388572980728   2.000000000000 
  0.334565303179  -0.371572412739   2.000000000000 
  0.353553390593  -0.353553390593   2.000000000000 
  0.371572412739  -0.334565303179   2.000000000000 
  0.388572980728  -0.314660195525   2.000000000000 
  0.404508497187  -0.293892626146   2.000000000000 
  0.419335283973  -0.272319517508   2.000000000000 
  0.433012701892  -0.250000000000   2.000000000000 
  0.445503262094  -0.226995249870   2.000000000000 
  0.456772728821  -0.203368321538   2.000000000000 
  0.466790213249  -0.179183974773   2.000000000000 
  0.475528258148  -0.154508497187   2.000000000000 
  0.482962913145  -0.129409522551   2.000000000000 
  0.489073800367  -0.103955845409   2.000000000000 
  0.493844170298  -0.078217232520   2.000000000000 
  0.497260947684  -0.052264231634   2.000000000000 
  0.499314767377  -0.026167978121   2.000000000000 
  0.500000000000  -0.000000000000   2.000000000000 
