&vertexinfo nvertex = 480, ndimension = 3, &end
  0.500000000000   0.000000000000   2.000000000000 
  0.499957163787   0.006544797786   2.000000000000 
  0.499828662488   0.013088474154   2.000000000000 
  0.499614518120   0.019629907880   2.000000000000 
  0.499314767377   0.026167978121   2.000000000000 
  0.498929461619   0.032701564615   2.000000000000 
  0.498458666867   0.039229547864   2.000000000000 
  0.497902463787   0.045750809332   2.000000000000 
  0.497260947684   0.052264231634   2.000000000000 
  0.496534228477   0.058768698729   2.000000000000 
  0.495722430687   0.065263096110   2.000000000000 
  0.494825693410   0.071746310996   2.000000000000 
  0.493844170298   0.078217232520   2.000000000000 
  0.492778029529   0.084674751925   2.000000000000 
  0.491627453782   0.091117762746   2.000000000000 
  0.490392640202   0.097545161008   2.000000000000 
  0.489073800367   0.103955845409   2.000000000000 
  0.487671160254   0.110348717511   2.000000000000 
  0.486184960199   0.116722681928   2.000000000000 
  0.484615454853   0.123076646514   2.000000000000 
  0.482962913145   0.129409522551   2.000000000000 
  0.481227618227   0.135720224933   2.000000000000 
  0.479409867434   0.142007672352   2.000000000000 
  0.477509972229   0.148270787488   2.000000000000 
  0.475528258148   0.154508497187   2.000000000000 
  0.473465064748   0.160719732652   2.000000000000 
  0.471320745546   0.166903429617   2.000000000000 
  0.469095667961   0.173058528539   2.000000000000 
  0.466790213249   0.179183974773   2.000000000000 
  0.464404776436   0.185278718755   2.000000000000 
  0.461939766256   0.191341716183   2.000000000000 
  0.459395605074   0.197371928192   2.000000000000 
  0.456772728821   0.203368321538   2.000000000000 
  0.454071586913   0.209329868769   2.000000000000 
  0.451292642175   0.215255548404   2.000000000000 
  0.448436370766   0.221144345110   2.000000000000 
  0.445503262094   0.226995249870   2.000000000000 
  0.442493818732   0.232807260163   2.000000000000 
  0.439408556331   0.238579380130   2.000000000000 
  0.436248003536   0.244310620748   2.000000000000 
  0.433012701892   0.250000000000   2.000000000000 
  0.429703205751   0.255646543039   2.000000000000 
  0.426320082177   0.261249282358   2.000000000000 
  0.422863910852   0.266807257958   2.000000000000 
  0.419335283973   0.272319517508   2.000000000000 
  0.415734806151   0.277785116510   2.000000000000 
  0.412063094311   0.283203118462   2.000000000000 
  0.408320777581   0.288572595019   2.000000000000 
  0.404508497187   0.293892626146   2.000000000000 
  0.400626906346   0.299162300285   2.000000000000 
  0.396676670146   0.304380714504   2.000000000000 
  0.392658465440   0.309546974655   2.000000000000 
  0.388572980728   0.314660195525   2.000000000000 
  0.384420916037   0.319719500990   2.000000000000 
  0.380202982800   0.324724024165   2.000000000000 
  0.375919903739   0.329672907550   2.000000000000 
  0.371572412739   0.334565303179   2.000000000000 
  0.367161254718   0.339400372766   2.000000000000 
  0.362687185506   0.344177287847   2.000000000000 
  0.358150971712   0.348895229921   2.000000000000 
  0.353553390593   0.353553390593   2.000000000000 
  0.348895229921   0.358150971712   2.000000000000 
  0.344177287847   0.362687185506   2.000000000000 
  0.339400372766   0.367161254718   2.000000000000 
  0.334565303179   0.371572412739   2.000000000000 
  0.329672907550   0.375919903739   2.000000000000 
  0.324724024165   0.380202982800   2.000000000000 
  0.319719500990   0.384420916037   2.000000000000 
  0.314660195525   0.388572980728   2.000000000000 
  0.309546974655   0.392658465440   2.000000000000 
  0.304380714504   0.396676670146   2.000000000000 
  0.299162300285   0.400626906346   2.000000000000 
  0.293892626146   0.404508497187   2.000000000000 
  0.288572595019   0.408320777581   2.000000000000 
  0.283203118462   0.412063094311   2.000000000000 
  0.277785116510   0.415734806151   2.000000000000 
  0.272319517508   0.419335283973   2.000000000000 
  0.266807257958   0.422863910852   2.000000000000 
  0.261249282358   0.426320082177   2.000000000000 
  0.255646543039   0.429703205751   2.000000000000 
  0.250000000000   0.433012701892   2.000000000000 
  0.244310620748   0.436248003536   2.000000000000 
  0.238579380130   0.439408556331   2.000000000000 
  0.232807260163   0.442493818732   2.000000000000 
  0.226995249870   0.445503262094   2.000000000000 
  0.221144345110   0.448436370766   2.000000000000 
  0.215255548404   0.451292642175   2.000000000000 
  0.209329868769   0.454071586913   2.000000000000 
  0.203368321538   0.456772728821   2.000000000000 
  0.197371928192   0.459395605074   2.000000000000 
  0.191341716183   0.461939766256   2.000000000000 
  0.185278718755   0.464404776436   2.000000000000 
  0.179183974773   0.466790213249   2.000000000000 
  0.173058528539   0.469095667961   2.000000000000 
  0.166903429617   0.471320745546   2.000000000000 
  0.160719732652   0.473465064748   2.000000000000 
  0.154508497187   0.475528258148   2.000000000000 
  0.148270787488   0.477509972229   2.000000000000 
  0.142007672352   0.479409867434   2.000000000000 
  0.135720224933   0.481227618227   2.000000000000 
  0.129409522551   0.482962913145   2.000000000000 
  0.123076646514   0.484615454853   2.000000000000 
  0.116722681928   0.486184960199   2.000000000000 
  0.110348717511   0.487671160254   2.000000000000 
  0.103955845409   0.489073800367   2.000000000000 
  0.097545161008   0.490392640202   2.000000000000 
  0.091117762746   0.491627453782   2.000000000000 
  0.084674751925   0.492778029529   2.000000000000 
  0.078217232520   0.493844170298   2.000000000000 
  0.071746310996   0.494825693410   2.000000000000 
  0.065263096110   0.495722430687   2.000000000000 
  0.058768698729   0.496534228477   2.000000000000 
  0.052264231634   0.497260947684   2.000000000000 
  0.045750809332   0.497902463787   2.000000000000 
  0.039229547864   0.498458666867   2.000000000000 
  0.032701564615   0.498929461619   2.000000000000 
  0.026167978121   0.499314767377   2.000000000000 
  0.019629907880   0.499614518120   2.000000000000 
  0.013088474154   0.499828662488   2.000000000000 
  0.006544797786   0.499957163787   2.000000000000 
  0.000000000000   0.500000000000   2.000000000000 
 -0.006544797786   0.499957163787   2.000000000000 
 -0.013088474154   0.499828662488   2.000000000000 
 -0.019629907880   0.499614518120   2.000000000000 
 -0.026167978121   0.499314767377   2.000000000000 
 -0.032701564615   0.498929461619   2.000000000000 
 -0.039229547864   0.498458666867   2.000000000000 
 -0.045750809332   0.497902463787   2.000000000000 
 -0.052264231634   0.497260947684   2.000000000000 
 -0.058768698729   0.496534228477   2.000000000000 
 -0.065263096110   0.495722430687   2.000000000000 
 -0.071746310996   0.494825693410   2.000000000000 
 -0.078217232520   0.493844170298   2.000000000000 
 -0.084674751925   0.492778029529   2.000000000000 
 -0.091117762746   0.491627453782   2.000000000000 
 -0.097545161008   0.490392640202   2.000000000000 
 -0.103955845409   0.489073800367   2.000000000000 
 -0.110348717511   0.487671160254   2.000000000000 
 -0.116722681928   0.486184960199   2.000000000000 
 -0.123076646514   0.484615454853   2.000000000000 
 -0.129409522551   0.482962913145   2.000000000000 
 -0.135720224933   0.481227618227   2.000000000000 
 -0.142007672352   0.479409867434   2.000000000000 
 -0.148270787488   0.477509972229   2.000000000000 
 -0.154508497187   0.475528258148   2.000000000000 
 -0.160719732652   0.473465064748   2.000000000000 
 -0.166903429617   0.471320745546   2.000000000000 
 -0.173058528539   0.469095667961   2.000000000000 
 -0.179183974773   0.466790213249   2.000000000000 
 -0.185278718755   0.464404776436   2.000000000000 
 -0.191341716183   0.461939766256   2.000000000000 
 -0.197371928192   0.459395605074   2.000000000000 
 -0.203368321538   0.456772728821   2.000000000000 
 -0.209329868769   0.454071586913   2.000000000000 
 -0.215255548404   0.451292642175   2.000000000000 
 -0.221144345110   0.448436370766   2.000000000000 
 -0.226995249870   0.445503262094   2.000000000000 
 -0.232807260163   0.442493818732   2.000000000000 
 -0.238579380130   0.439408556331   2.000000000000 
 -0.244310620748   0.436248003536   2.000000000000 
 -0.250000000000   0.433012701892   2.000000000000 
 -0.255646543039   0.429703205751   2.000000000000 
 -0.261249282358   0.426320082177   2.000000000000 
 -0.266807257958   0.422863910852   2.000000000000 
 -0.272319517508   0.419335283973   2.000000000000 
 -0.277785116510   0.415734806151   2.000000000000 
 -0.283203118462   0.412063094311   2.000000000000 
 -0.288572595019   0.408320777581   2.000000000000 
 -0.293892626146   0.404508497187   2.000000000000 
 -0.299162300285   0.400626906346   2.000000000000 
 -0.304380714504   0.396676670146   2.000000000000 
 -0.309546974655   0.392658465440   2.000000000000 
 -0.314660195525   0.388572980728   2.000000000000 
 -0.319719500990   0.384420916037   2.000000000000 
 -0.324724024165   0.380202982800   2.000000000000 
 -0.329672907550   0.375919903739   2.000000000000 
 -0.334565303179   0.371572412739   2.000000000000 
 -0.339400372766   0.367161254718   2.000000000000 
 -0.344177287847   0.362687185506   2.000000000000 
 -0.348895229921   0.358150971712   2.000000000000 
 -0.353553390593   0.353553390593   2.000000000000 
 -0.358150971712   0.348895229921   2.000000000000 
 -0.362687185506   0.344177287847   2.000000000000 
 -0.367161254718   0.339400372766   2.000000000000 
 -0.371572412739   0.334565303179   2.000000000000 
 -0.375919903739   0.329672907550   2.000000000000 
 -0.380202982800   0.324724024165   2.000000000000 
 -0.384420916037   0.319719500990   2.000000000000 
 -0.388572980728   0.314660195525   2.000000000000 
 -0.392658465440   0.309546974655   2.000000000000 
 -0.396676670146   0.304380714504   2.000000000000 
 -0.400626906346   0.299162300285   2.000000000000 
 -0.404508497187   0.293892626146   2.000000000000 
 -0.408320777581   0.288572595019   2.000000000000 
 -0.412063094311   0.283203118462   2.000000000000 
 -0.415734806151   0.277785116510   2.000000000000 
 -0.419335283973   0.272319517508   2.000000000000 
 -0.422863910852   0.266807257958   2.000000000000 
 -0.426320082177   0.261249282358   2.000000000000 
 -0.429703205751   0.255646543039   2.000000000000 
 -0.433012701892   0.250000000000   2.000000000000 
 -0.436248003536   0.244310620748   2.000000000000 
 -0.439408556331   0.238579380130   2.000000000000 
 -0.442493818732   0.232807260163   2.000000000000 
 -0.445503262094   0.226995249870   2.000000000000 
 -0.448436370766   0.221144345110   2.000000000000 
 -0.451292642175   0.215255548404   2.000000000000 
 -0.454071586913   0.209329868769   2.000000000000 
 -0.456772728821   0.203368321538   2.000000000000 
 -0.459395605074   0.197371928192   2.000000000000 
 -0.461939766256   0.191341716183   2.000000000000 
 -0.464404776436   0.185278718755   2.000000000000 
 -0.466790213249   0.179183974773   2.000000000000 
 -0.469095667961   0.173058528539   2.000000000000 
 -0.471320745546   0.166903429617   2.000000000000 
 -0.473465064748   0.160719732652   2.000000000000 
 -0.475528258148   0.154508497187   2.000000000000 
 -0.477509972229   0.148270787488   2.000000000000 
 -0.479409867434   0.142007672352   2.000000000000 
 -0.481227618227   0.135720224933   2.000000000000 
 -0.482962913145   0.129409522551   2.000000000000 
 -0.484615454853   0.123076646514   2.000000000000 
 -0.486184960199   0.116722681928   2.000000000000 
 -0.487671160254   0.110348717511   2.000000000000 
 -0.489073800367   0.103955845409   2.000000000000 
 -0.490392640202   0.097545161008   2.000000000000 
 -0.491627453782   0.091117762746   2.000000000000 
 -0.492778029529   0.084674751925   2.000000000000 
 -0.493844170298   0.078217232520   2.000000000000 
 -0.494825693410   0.071746310996   2.000000000000 
 -0.495722430687   0.065263096110   2.000000000000 
 -0.496534228477   0.058768698729   2.000000000000 
 -0.497260947684   0.052264231634   2.000000000000 
 -0.497902463787   0.045750809332   2.000000000000 
 -0.498458666867   0.039229547864   2.000000000000 
 -0.498929461619   0.032701564615   2.000000000000 
 -0.499314767377   0.026167978121   2.000000000000 
 -0.499614518120   0.019629907880   2.000000000000 
 -0.499828662488   0.013088474154   2.000000000000 
 -0.499957163787   0.006544797786   2.000000000000 
 -0.500000000000   0.000000000000   2.000000000000 
 -0.499957163787  -0.006544797786   2.000000000000 
 -0.499828662488  -0.013088474154   2.000000000000 
 -0.499614518120  -0.019629907880   2.000000000000 
 -0.499314767377  -0.026167978121   2.000000000000 
 -0.498929461619  -0.032701564615   2.000000000000 
 -0.498458666867  -0.039229547864   2.000000000000 
 -0.497902463787  -0.045750809332   2.000000000000 
 -0.497260947684  -0.052264231634   2.000000000000 
 -0.496534228477  -0.058768698729   2.000000000000 
 -0.495722430687  -0.065263096110   2.000000000000 
 -0.494825693410  -0.071746310996   2.000000000000 
 -0.493844170298  -0.078217232520   2.000000000000 
 -0.492778029529  -0.084674751925   2.000000000000 
 -0.491627453782  -0.091117762746   2.000000000000 
 -0.490392640202  -0.097545161008   2.000000000000 
 -0.489073800367  -0.103955845409   2.000000000000 
 -0.487671160254  -0.110348717511   2.000000000000 
 -0.486184960199  -0.116722681928   2.000000000000 
 -0.484615454853  -0.123076646514   2.000000000000 
 -0.482962913145  -0.129409522551   2.000000000000 
 -0.481227618227  -0.135720224933   2.000000000000 
 -0.479409867434  -0.142007672352   2.000000000000 
 -0.477509972229  -0.148270787488   2.000000000000 
 -0.475528258148  -0.154508497187   2.000000000000 
 -0.473465064748  -0.160719732652   2.000000000000 
 -0.471320745546  -0.166903429617   2.000000000000 
 -0.469095667961  -0.173058528539   2.000000000000 
 -0.466790213249  -0.179183974773   2.000000000000 
 -0.464404776436  -0.185278718755   2.000000000000 
 -0.461939766256  -0.191341716183   2.000000000000 
 -0.459395605074  -0.197371928192   2.000000000000 
 -0.456772728821  -0.203368321538   2.000000000000 
 -0.454071586913  -0.209329868769   2.000000000000 
 -0.451292642175  -0.215255548404   2.000000000000 
 -0.448436370766  -0.221144345110   2.000000000000 
 -0.445503262094  -0.226995249870   2.000000000000 
 -0.442493818732  -0.232807260163   2.000000000000 
 -0.439408556331  -0.238579380130   2.000000000000 
 -0.436248003536  -0.244310620748   2.000000000000 
 -0.433012701892  -0.250000000000   2.000000000000 
 -0.429703205751  -0.255646543039   2.000000000000 
 -0.426320082177  -0.261249282358   2.000000000000 
 -0.422863910852  -0.266807257958   2.000000000000 
 -0.419335283973  -0.272319517508   2.000000000000 
 -0.415734806151  -0.277785116510   2.000000000000 
 -0.412063094311  -0.283203118462   2.000000000000 
 -0.408320777581  -0.288572595019   2.000000000000 
 -0.404508497187  -0.293892626146   2.000000000000 
 -0.400626906346  -0.299162300285   2.000000000000 
 -0.396676670146  -0.304380714504   2.000000000000 
 -0.392658465440  -0.309546974655   2.000000000000 
 -0.388572980728  -0.314660195525   2.000000000000 
 -0.384420916037  -0.319719500990   2.000000000000 
 -0.380202982800  -0.324724024165   2.000000000000 
 -0.375919903739  -0.329672907550   2.000000000000 
 -0.371572412739  -0.334565303179   2.000000000000 
 -0.367161254718  -0.339400372766   2.000000000000 
 -0.362687185506  -0.344177287847   2.000000000000 
 -0.358150971712  -0.348895229921   2.000000000000 
 -0.353553390593  -0.353553390593   2.000000000000 
 -0.348895229921  -0.358150971712   2.000000000000 
 -0.344177287847  -0.362687185506   2.000000000000 
 -0.339400372766  -0.367161254718   2.000000000000 
 -0.334565303179  -0.371572412739   2.000000000000 
 -0.329672907550  -0.375919903739   2.000000000000 
 -0.324724024165  -0.380202982800   2.000000000000 
 -0.319719500990  -0.384420916037   2.000000000000 
 -0.314660195525  -0.388572980728   2.000000000000 
 -0.309546974655  -0.392658465440   2.000000000000 
 -0.304380714504  -0.396676670146   2.000000000000 
 -0.299162300285  -0.400626906346   2.000000000000 
 -0.293892626146  -0.404508497187   2.000000000000 
 -0.288572595019  -0.408320777581   2.000000000000 
 -0.283203118462  -0.412063094311   2.000000000000 
 -0.277785116510  -0.415734806151   2.000000000000 
 -0.272319517508  -0.419335283973   2.000000000000 
 -0.266807257958  -0.422863910852   2.000000000000 
 -0.261249282358  -0.426320082177   2.000000000000 
 -0.255646543039  -0.429703205751   2.000000000000 
 -0.250000000000  -0.433012701892   2.000000000000 
 -0.244310620748  -0.436248003536   2.000000000000 
 -0.238579380130  -0.439408556331   2.000000000000 
 -0.232807260163  -0.442493818732   2.000000000000 
 -0.226995249870  -0.445503262094   2.000000000000 
 -0.221144345110  -0.448436370766   2.000000000000 
 -0.215255548404  -0.451292642175   2.000000000000 
 -0.209329868769  -0.454071586913   2.000000000000 
 -0.203368321538  -0.456772728821   2.000000000000 
 -0.197371928192  -0.459395605074   2.000000000000 
 -0.191341716183  -0.461939766256   2.000000000000 
 -0.185278718755  -0.464404776436   2.000000000000 
 -0.179183974773  -0.466790213249   2.000000000000 
 -0.173058528539  -0.469095667961   2.000000000000 
 -0.166903429617  -0.471320745546   2.000000000000 
 -0.160719732652  -0.473465064748   2.000000000000 
 -0.154508497187  -0.475528258148   2.000000000000 
 -0.148270787488  -0.477509972229   2.000000000000 
 -0.142007672352  -0.479409867434   2.000000000000 
 -0.135720224933  -0.481227618227   2.000000000000 
 -0.129409522551  -0.482962913145   2.000000000000 
 -0.123076646514  -0.484615454853   2.000000000000 
 -0.116722681928  -0.486184960199   2.000000000000 
 -0.110348717511  -0.487671160254   2.000000000000 
 -0.103955845409  -0.489073800367   2.000000000000 
 -0.097545161008  -0.490392640202   2.000000000000 
 -0.091117762746  -0.491627453782   2.000000000000 
 -0.084674751925  -0.492778029529   2.000000000000 
 -0.078217232520  -0.493844170298   2.000000000000 
 -0.071746310996  -0.494825693410   2.000000000000 
 -0.065263096110  -0.495722430687   2.000000000000 
 -0.058768698729  -0.496534228477   2.000000000000 
 -0.052264231634  -0.497260947684   2.000000000000 
 -0.045750809332  -0.497902463787   2.000000000000 
 -0.039229547864  -0.498458666867   2.000000000000 
 -0.032701564615  -0.498929461619   2.000000000000 
 -0.026167978121  -0.499314767377   2.000000000000 
 -0.019629907880  -0.499614518120   2.000000000000 
 -0.013088474154  -0.499828662488   2.000000000000 
 -0.006544797786  -0.499957163787   2.000000000000 
 -0.000000000000  -0.500000000000   2.000000000000 
  0.006544797786  -0.499957163787   2.000000000000 
  0.013088474154  -0.499828662488   2.000000000000 
  0.019629907880  -0.499614518120   2.000000000000 
  0.026167978121  -0.499314767377   2.000000000000 
  0.032701564615  -0.498929461619   2.000000000000 
  0.039229547864  -0.498458666867   2.000000000000 
  0.045750809332  -0.497902463787   2.000000000000 
  0.052264231634  -0.497260947684   2.000000000000 
  0.058768698729  -0.496534228477   2.000000000000 
  0.065263096110  -0.495722430687   2.000000000000 
  0.071746310996  -0.494825693410   2.000000000000 
  0.078217232520  -0.493844170298   2.000000000000 
  0.084674751925  -0.492778029529   2.000000000000 
  0.091117762746  -0.491627453782   2.000000000000 
  0.097545161008  -0.490392640202   2.000000000000 
  0.103955845409  -0.489073800367   2.000000000000 
  0.110348717511  -0.487671160254   2.000000000000 
  0.116722681928  -0.486184960199   2.000000000000 
  0.123076646514  -0.484615454853   2.000000000000 
  0.129409522551  -0.482962913145   2.000000000000 
  0.135720224933  -0.481227618227   2.000000000000 
  0.142007672352  -0.479409867434   2.000000000000 
  0.148270787488  -0.477509972229   2.000000000000 
  0.154508497187  -0.475528258148   2.000000000000 
  0.160719732652  -0.473465064748   2.000000000000 
  0.166903429617  -0.471320745546   2.000000000000 
  0.173058528539  -0.469095667961   2.000000000000 
  0.179183974773  -0.466790213249   2.000000000000 
  0.185278718755  -0.464404776436   2.000000000000 
  0.191341716183  -0.461939766256   2.000000000000 
  0.197371928192  -0.459395605074   2.000000000000 
  0.203368321538  -0.456772728821   2.000000000000 
  0.209329868769  -0.454071586913   2.000000000000 
  0.215255548404  -0.451292642175   2.000000000000 
  0.221144345110  -0.448436370766   2.000000000000 
  0.226995249870  -0.445503262094   2.000000000000 
  0.232807260163  -0.442493818732   2.000000000000 
  0.238579380130  -0.439408556331   2.000000000000 
  0.244310620748  -0.436248003536   2.000000000000 
  0.250000000000  -0.433012701892   2.000000000000 
  0.255646543039  -0.429703205751   2.000000000000 
  0.261249282358  -0.426320082177   2.000000000000 
  0.266807257958  -0.422863910852   2.000000000000 
  0.272319517508  -0.419335283973   2.000000000000 
  0.277785116510  -0.415734806151   2.000000000000 
  0.283203118462  -0.412063094311   2.000000000000 
  0.288572595019  -0.408320777581   2.000000000000 
  0.293892626146  -0.404508497187   2.000000000000 
  0.299162300285  -0.400626906346   2.000000000000 
  0.304380714504  -0.396676670146   2.000000000000 
  0.309546974655  -0.392658465440   2.000000000000 
  0.314660195525  -0.388572980728   2.000000000000 
  0.319719500990  -0.384420916037   2.000000000000 
  0.324724024165  -0.380202982800   2.000000000000 
  0.329672907550  -0.375919903739   2.000000000000 
  0.334565303179  -0.371572412739   2.000000000000 
  0.339400372766  -0.367161254718   2.000000000000 
  0.344177287847  -0.362687185506   2.000000000000 
  0.348895229921  -0.358150971712   2.000000000000 
  0.353553390593  -0.353553390593   2.000000000000 
  0.358150971712  -0.348895229921   2.000000000000 
  0.362687185506  -0.344177287847   2.000000000000 
  0.367161254718  -0.339400372766   2.000000000000 
  0.371572412739  -0.334565303179   2.000000000000 
  0.375919903739  -0.329672907550   2.000000000000 
  0.380202982800  -0.324724024165   2.000000000000 
  0.384420916037  -0.319719500990   2.000000000000 
  0.388572980728  -0.314660195525   2.000000000000 
  0.392658465440  -0.309546974655   2.000000000000 
  0.396676670146  -0.304380714504   2.000000000000 
  0.400626906346  -0.299162300285   2.000000000000 
  0.404508497187  -0.293892626146   2.000000000000 
  0.408320777581  -0.288572595019   2.000000000000 
  0.412063094311  -0.283203118462   2.000000000000 
  0.415734806151  -0.277785116510   2.000000000000 
  0.419335283973  -0.272319517508   2.000000000000 
  0.422863910852  -0.266807257958   2.000000000000 
  0.426320082177  -0.261249282358   2.000000000000 
  0.429703205751  -0.255646543039   2.000000000000 
  0.433012701892  -0.250000000000   2.000000000000 
  0.436248003536  -0.244310620748   2.000000000000 
  0.439408556331  -0.238579380130   2.000000000000 
  0.442493818732  -0.232807260163   2.000000000000 
  0.445503262094  -0.226995249870   2.000000000000 
  0.448436370766  -0.221144345110   2.000000000000 
  0.451292642175  -0.215255548404   2.000000000000 
  0.454071586913  -0.209329868769   2.000000000000 
  0.456772728821  -0.203368321538   2.000000000000 
  0.459395605074  -0.197371928192   2.000000000000 
  0.461939766256  -0.191341716183   2.000000000000 
  0.464404776436  -0.185278718755   2.000000000000 
  0.466790213249  -0.179183974773   2.000000000000 
  0.469095667961  -0.173058528539   2.000000000000 
  0.471320745546  -0.166903429617   2.000000000000 
  0.473465064748  -0.160719732652   2.000000000000 
  0.475528258148  -0.154508497187   2.000000000000 
  0.477509972229  -0.148270787488   2.000000000000 
  0.479409867434  -0.142007672352   2.000000000000 
  0.481227618227  -0.135720224933   2.000000000000 
  0.482962913145  -0.129409522551   2.000000000000 
  0.484615454853  -0.123076646514   2.000000000000 
  0.486184960199  -0.116722681928   2.000000000000 
  0.487671160254  -0.110348717511   2.000000000000 
  0.489073800367  -0.103955845409   2.000000000000 
  0.490392640202  -0.097545161008   2.000000000000 
  0.491627453782  -0.091117762746   2.000000000000 
  0.492778029529  -0.084674751925   2.000000000000 
  0.493844170298  -0.078217232520   2.000000000000 
  0.494825693410  -0.071746310996   2.000000000000 
  0.495722430687  -0.065263096110   2.000000000000 
  0.496534228477  -0.058768698729   2.000000000000 
  0.497260947684  -0.052264231634   2.000000000000 
  0.497902463787  -0.045750809332   2.000000000000 
  0.498458666867  -0.039229547864   2.000000000000 
  0.498929461619  -0.032701564615   2.000000000000 
  0.499314767377  -0.026167978121   2.000000000000 
  0.499614518120  -0.019629907880   2.000000000000 
  0.499828662488  -0.013088474154   2.000000000000 
  0.499957163787  -0.006544797786   2.000000000000 
  0.500000000000  -0.000000000000   2.000000000000 
