&vertexinfo nvertex = 64, ndimension = 3, &end
  0.500000000000   0.000000000000   0.000000000000
  0.500000000000   0.062500000000   0.000000000000
  0.500000000000   0.125000000000   0.000000000000
  0.500000000000   0.187500000000   0.000000000000
  0.500000000000   0.250000000000   0.000000000000
  0.500000000000   0.312500000000   0.000000000000
  0.500000000000   0.375000000000   0.000000000000
  0.500000000000   0.437500000000   0.000000000000
  0.500000000000   0.500000000000   0.000000000000
  0.437500000000   0.500000000000   0.000000000000
  0.375000000000   0.500000000000   0.000000000000
  0.312500000000   0.500000000000   0.000000000000
  0.250000000000   0.500000000000   0.000000000000
  0.187500000000   0.500000000000   0.000000000000
  0.125000000000   0.500000000000   0.000000000000
  0.062500000000   0.500000000000   0.000000000000
  0.000000000000   0.500000000000   0.000000000000
 -0.062500000000   0.500000000000   0.000000000000
 -0.125000000000   0.500000000000   0.000000000000
 -0.187500000000   0.500000000000   0.000000000000
 -0.250000000000   0.500000000000   0.000000000000
 -0.312500000000   0.500000000000   0.000000000000
 -0.375000000000   0.500000000000   0.000000000000
 -0.437500000000   0.500000000000   0.000000000000
 -0.500000000000   0.500000000000   0.000000000000
 -0.500000000000   0.437500000000   0.000000000000
 -0.500000000000   0.375000000000   0.000000000000
 -0.500000000000   0.312500000000   0.000000000000
 -0.500000000000   0.250000000000   0.000000000000
 -0.500000000000   0.187500000000   0.000000000000
 -0.500000000000   0.125000000000   0.000000000000
 -0.500000000000   0.062500000000   0.000000000000
 -0.500000000000   0.000000000000   0.000000000000
 -0.500000000000  -0.062500000000   0.000000000000
 -0.500000000000  -0.125000000000   0.000000000000
 -0.500000000000  -0.187500000000   0.000000000000
 -0.500000000000  -0.250000000000   0.000000000000
 -0.500000000000  -0.312500000000   0.000000000000
 -0.500000000000  -0.375000000000   0.000000000000
 -0.500000000000  -0.437500000000   0.000000000000
 -0.500000000000  -0.500000000000   0.000000000000
 -0.437500000000  -0.500000000000   0.000000000000
 -0.375000000000  -0.500000000000   0.000000000000
 -0.312500000000  -0.500000000000   0.000000000000
 -0.250000000000  -0.500000000000   0.000000000000
 -0.187500000000  -0.500000000000   0.000000000000
 -0.125000000000  -0.500000000000   0.000000000000
 -0.062500000000  -0.500000000000   0.000000000000
  0.000000000000  -0.500000000000   0.000000000000
  0.062500000000  -0.500000000000   0.000000000000
  0.125000000000  -0.500000000000   0.000000000000
  0.187500000000  -0.500000000000   0.000000000000
  0.250000000000  -0.500000000000   0.000000000000
  0.312500000000  -0.500000000000   0.000000000000
  0.375000000000  -0.500000000000   0.000000000000
  0.437500000000  -0.500000000000   0.000000000000
  0.500000000000  -0.500000000000   0.000000000000
  0.500000000000  -0.437500000000   0.000000000000
  0.500000000000  -0.375000000000   0.000000000000
  0.500000000000  -0.312500000000   0.000000000000
  0.500000000000  -0.250000000000   0.000000000000
  0.500000000000  -0.187500000000   0.000000000000
  0.500000000000  -0.125000000000   0.000000000000
  0.500000000000  -0.062500000000   0.000000000000
  0.500000000000   0.000000000000   0.000000000000
