&vertexinfo nvertex = 1024, ndimension = 3, &end
  0.500000000000   0.000000000000   2.000000000000 
  0.499990587641   0.003067942325   2.000000000000 
  0.499962350920   0.006135769143   2.000000000000 
  0.499915290898   0.009203364953   2.000000000000 
  0.499849409348   0.012270614261   2.000000000000 
  0.499764708751   0.015337401588   2.000000000000 
  0.499661192294   0.018403611471   2.000000000000 
  0.499538863876   0.021469128467   2.000000000000 
  0.499397728103   0.024533837164   2.000000000000 
  0.499237790287   0.027597622175   2.000000000000 
  0.499059056450   0.030660368151   2.000000000000 
  0.498861533322   0.033721959782   2.000000000000 
  0.498645228339   0.036782281800   2.000000000000 
  0.498410149646   0.039841218986   2.000000000000 
  0.498156306091   0.042898656172   2.000000000000 
  0.497883707234   0.045954478249   2.000000000000 
  0.497592363336   0.049008570165   2.000000000000 
  0.497282285367   0.052060816936   2.000000000000 
  0.496953485001   0.055111103647   2.000000000000 
  0.496605974617   0.058159315456   2.000000000000 
  0.496239767299   0.061205337600   2.000000000000 
  0.495854876835   0.064249055397   2.000000000000 
  0.495451317714   0.067290354254   2.000000000000 
  0.495029105131   0.070329119666   2.000000000000 
  0.494588254982   0.073365237228   2.000000000000 
  0.494128783865   0.076398592629   2.000000000000 
  0.493650709079   0.079429071667   2.000000000000 
  0.493154048622   0.082456560245   2.000000000000 
  0.492638821194   0.085480944380   2.000000000000 
  0.492105046193   0.088502110206   2.000000000000 
  0.491552743716   0.091519943978   2.000000000000 
  0.490981934555   0.094534332075   2.000000000000 
  0.490392640202   0.097545161008   2.000000000000 
  0.489784882843   0.100552317421   2.000000000000 
  0.489158685360   0.103555688096   2.000000000000 
  0.488514071329   0.106555159958   2.000000000000 
  0.487851065019   0.109550620078   2.000000000000 
  0.487169691393   0.112541955680   2.000000000000 
  0.486469976103   0.115529054140   2.000000000000 
  0.485751945493   0.118511802997   2.000000000000 
  0.485015626597   0.121490089952   2.000000000000 
  0.484261047137   0.124463802873   2.000000000000 
  0.483488235522   0.127432829802   2.000000000000 
  0.482697220849   0.130397058958   2.000000000000 
  0.481888032898   0.133356378737   2.000000000000 
  0.481060702135   0.136310677725   2.000000000000 
  0.480215259708   0.139259844693   2.000000000000 
  0.479351737448   0.142203768606   2.000000000000 
  0.478470167866   0.145142338627   2.000000000000 
  0.477570584153   0.148075444122   2.000000000000 
  0.476653020177   0.151002974660   2.000000000000 
  0.475717510485   0.153924820021   2.000000000000 
  0.474764090297   0.156840870199   2.000000000000 
  0.473792795509   0.159751015408   2.000000000000 
  0.472803662690   0.162655146081   2.000000000000 
  0.471796729081   0.165553152880   2.000000000000 
  0.470772032592   0.168444926696   2.000000000000 
  0.469729611801   0.171330358656   2.000000000000 
  0.468669505956   0.174209340125   2.000000000000 
  0.467591754969   0.177081762710   2.000000000000 
  0.466496399417   0.179947518267   2.000000000000 
  0.465383480539   0.182806498902   2.000000000000 
  0.464253040237   0.185658596976   2.000000000000 
  0.463105121069   0.188503705108   2.000000000000 
  0.461939766256   0.191341716183   2.000000000000 
  0.460757019671   0.194172523349   2.000000000000 
  0.459556925845   0.196996020031   2.000000000000 
  0.458339529961   0.199812099923   2.000000000000 
  0.457104877852   0.202620657002   2.000000000000 
  0.455853016003   0.205421585529   2.000000000000 
  0.454583991545   0.208214780049   2.000000000000 
  0.453297852257   0.211000135400   2.000000000000 
  0.451994646562   0.213777546715   2.000000000000 
  0.450674423523   0.216546909427   2.000000000000 
  0.449337232847   0.219308119269   2.000000000000 
  0.447983124878   0.222061072285   2.000000000000 
  0.446612150598   0.224805664827   2.000000000000 
  0.445224361622   0.227541793563   2.000000000000 
  0.443819810201   0.230269355479   2.000000000000 
  0.442398549215   0.232988247884   2.000000000000 
  0.440960632174   0.235698368413   2.000000000000 
  0.439506113214   0.238399615032   2.000000000000 
  0.438035047098   0.241091886040   2.000000000000 
  0.436547489209   0.243775080074   2.000000000000 
  0.435043495554   0.246449096115   2.000000000000 
  0.433523122758   0.249113833486   2.000000000000 
  0.431986428061   0.251769191863   2.000000000000 
  0.430433469319   0.254415071272   2.000000000000 
  0.428864305000   0.257051372097   2.000000000000 
  0.427278994183   0.259677995083   2.000000000000 
  0.425677596553   0.262294841339   2.000000000000 
  0.424060172402   0.264901812343   2.000000000000 
  0.422426782625   0.267498809944   2.000000000000 
  0.420777488718   0.270085736365   2.000000000000 
  0.419112352777   0.272662494211   2.000000000000 
  0.417431437493   0.275228986468   2.000000000000 
  0.415734806151   0.277785116510   2.000000000000 
  0.414022522629   0.280330788099   2.000000000000 
  0.412294651393   0.282865905392   2.000000000000 
  0.410551257496   0.285390372943   2.000000000000 
  0.408792406576   0.287904095709   2.000000000000 
  0.407018164853   0.290406979048   2.000000000000 
  0.405228599126   0.292898928728   2.000000000000 
  0.403423776772   0.295379850929   2.000000000000 
  0.401603765740   0.297849652246   2.000000000000 
  0.399768634554   0.300308239692   2.000000000000 
  0.397918452304   0.302755520702   2.000000000000 
  0.396053288650   0.305191403138   2.000000000000 
  0.394173213813   0.307615795290   2.000000000000 
  0.392278298578   0.310028605882   2.000000000000 
  0.390368614286   0.312429744071   2.000000000000 
  0.388444232837   0.314819119457   2.000000000000 
  0.386505226681   0.317196642082   2.000000000000 
  0.384551668823   0.319562222432   2.000000000000 
  0.382583632811   0.321915771445   2.000000000000 
  0.380601192742   0.324257200511   2.000000000000 
  0.378604423253   0.326586421477   2.000000000000 
  0.376593399522   0.328903346649   2.000000000000 
  0.374568197262   0.331207888795   2.000000000000 
  0.372528892721   0.333499961152   2.000000000000 
  0.370475562677   0.335779477424   2.000000000000 
  0.368408284439   0.338046351788   2.000000000000 
  0.366327135836   0.340300498898   2.000000000000 
  0.364232195224   0.342541833886   2.000000000000 
  0.362123541476   0.344770272369   2.000000000000 
  0.360001253981   0.346985730445   2.000000000000 
  0.357865412642   0.349188124704   2.000000000000 
  0.355716097873   0.351377372229   2.000000000000 
  0.353553390593   0.353553390593   2.000000000000 
  0.351377372229   0.355716097873   2.000000000000 
  0.349188124704   0.357865412642   2.000000000000 
  0.346985730445   0.360001253981   2.000000000000 
  0.344770272369   0.362123541476   2.000000000000 
  0.342541833886   0.364232195224   2.000000000000 
  0.340300498898   0.366327135836   2.000000000000 
  0.338046351788   0.368408284439   2.000000000000 
  0.335779477424   0.370475562677   2.000000000000 
  0.333499961152   0.372528892721   2.000000000000 
  0.331207888795   0.374568197262   2.000000000000 
  0.328903346649   0.376593399522   2.000000000000 
  0.326586421477   0.378604423253   2.000000000000 
  0.324257200511   0.380601192742   2.000000000000 
  0.321915771445   0.382583632811   2.000000000000 
  0.319562222432   0.384551668823   2.000000000000 
  0.317196642082   0.386505226681   2.000000000000 
  0.314819119457   0.388444232837   2.000000000000 
  0.312429744071   0.390368614286   2.000000000000 
  0.310028605882   0.392278298578   2.000000000000 
  0.307615795290   0.394173213813   2.000000000000 
  0.305191403138   0.396053288650   2.000000000000 
  0.302755520702   0.397918452304   2.000000000000 
  0.300308239692   0.399768634554   2.000000000000 
  0.297849652246   0.401603765740   2.000000000000 
  0.295379850929   0.403423776772   2.000000000000 
  0.292898928728   0.405228599126   2.000000000000 
  0.290406979048   0.407018164853   2.000000000000 
  0.287904095709   0.408792406576   2.000000000000 
  0.285390372943   0.410551257496   2.000000000000 
  0.282865905392   0.412294651393   2.000000000000 
  0.280330788099   0.414022522629   2.000000000000 
  0.277785116510   0.415734806151   2.000000000000 
  0.275228986468   0.417431437493   2.000000000000 
  0.272662494211   0.419112352777   2.000000000000 
  0.270085736365   0.420777488718   2.000000000000 
  0.267498809944   0.422426782625   2.000000000000 
  0.264901812343   0.424060172402   2.000000000000 
  0.262294841339   0.425677596553   2.000000000000 
  0.259677995083   0.427278994183   2.000000000000 
  0.257051372097   0.428864305000   2.000000000000 
  0.254415071272   0.430433469319   2.000000000000 
  0.251769191863   0.431986428061   2.000000000000 
  0.249113833486   0.433523122758   2.000000000000 
  0.246449096115   0.435043495554   2.000000000000 
  0.243775080074   0.436547489209   2.000000000000 
  0.241091886040   0.438035047098   2.000000000000 
  0.238399615032   0.439506113214   2.000000000000 
  0.235698368413   0.440960632174   2.000000000000 
  0.232988247884   0.442398549215   2.000000000000 
  0.230269355479   0.443819810201   2.000000000000 
  0.227541793563   0.445224361622   2.000000000000 
  0.224805664827   0.446612150598   2.000000000000 
  0.222061072285   0.447983124878   2.000000000000 
  0.219308119269   0.449337232847   2.000000000000 
  0.216546909427   0.450674423523   2.000000000000 
  0.213777546715   0.451994646562   2.000000000000 
  0.211000135400   0.453297852257   2.000000000000 
  0.208214780049   0.454583991545   2.000000000000 
  0.205421585529   0.455853016003   2.000000000000 
  0.202620657002   0.457104877852   2.000000000000 
  0.199812099923   0.458339529961   2.000000000000 
  0.196996020031   0.459556925845   2.000000000000 
  0.194172523349   0.460757019671   2.000000000000 
  0.191341716183   0.461939766256   2.000000000000 
  0.188503705108   0.463105121069   2.000000000000 
  0.185658596976   0.464253040237   2.000000000000 
  0.182806498902   0.465383480539   2.000000000000 
  0.179947518267   0.466496399417   2.000000000000 
  0.177081762710   0.467591754969   2.000000000000 
  0.174209340125   0.468669505956   2.000000000000 
  0.171330358656   0.469729611801   2.000000000000 
  0.168444926696   0.470772032592   2.000000000000 
  0.165553152880   0.471796729081   2.000000000000 
  0.162655146081   0.472803662690   2.000000000000 
  0.159751015408   0.473792795509   2.000000000000 
  0.156840870199   0.474764090297   2.000000000000 
  0.153924820021   0.475717510485   2.000000000000 
  0.151002974660   0.476653020177   2.000000000000 
  0.148075444122   0.477570584153   2.000000000000 
  0.145142338627   0.478470167866   2.000000000000 
  0.142203768606   0.479351737448   2.000000000000 
  0.139259844693   0.480215259708   2.000000000000 
  0.136310677725   0.481060702135   2.000000000000 
  0.133356378737   0.481888032898   2.000000000000 
  0.130397058958   0.482697220849   2.000000000000 
  0.127432829802   0.483488235522   2.000000000000 
  0.124463802873   0.484261047137   2.000000000000 
  0.121490089952   0.485015626597   2.000000000000 
  0.118511802997   0.485751945493   2.000000000000 
  0.115529054140   0.486469976103   2.000000000000 
  0.112541955680   0.487169691393   2.000000000000 
  0.109550620078   0.487851065019   2.000000000000 
  0.106555159958   0.488514071329   2.000000000000 
  0.103555688096   0.489158685360   2.000000000000 
  0.100552317421   0.489784882843   2.000000000000 
  0.097545161008   0.490392640202   2.000000000000 
  0.094534332075   0.490981934555   2.000000000000 
  0.091519943978   0.491552743716   2.000000000000 
  0.088502110206   0.492105046193   2.000000000000 
  0.085480944380   0.492638821194   2.000000000000 
  0.082456560245   0.493154048622   2.000000000000 
  0.079429071667   0.493650709079   2.000000000000 
  0.076398592629   0.494128783865   2.000000000000 
  0.073365237228   0.494588254982   2.000000000000 
  0.070329119666   0.495029105131   2.000000000000 
  0.067290354254   0.495451317714   2.000000000000 
  0.064249055397   0.495854876835   2.000000000000 
  0.061205337600   0.496239767299   2.000000000000 
  0.058159315456   0.496605974617   2.000000000000 
  0.055111103647   0.496953485001   2.000000000000 
  0.052060816936   0.497282285367   2.000000000000 
  0.049008570165   0.497592363336   2.000000000000 
  0.045954478249   0.497883707234   2.000000000000 
  0.042898656172   0.498156306091   2.000000000000 
  0.039841218986   0.498410149646   2.000000000000 
  0.036782281800   0.498645228339   2.000000000000 
  0.033721959782   0.498861533322   2.000000000000 
  0.030660368151   0.499059056450   2.000000000000 
  0.027597622175   0.499237790287   2.000000000000 
  0.024533837164   0.499397728103   2.000000000000 
  0.021469128467   0.499538863876   2.000000000000 
  0.018403611471   0.499661192294   2.000000000000 
  0.015337401588   0.499764708751   2.000000000000 
  0.012270614261   0.499849409348   2.000000000000 
  0.009203364953   0.499915290898   2.000000000000 
  0.006135769143   0.499962350920   2.000000000000 
  0.003067942325   0.499990587641   2.000000000000 
  0.000000000000   0.500000000000   2.000000000000 
 -0.003067942325   0.499990587641   2.000000000000 
 -0.006135769143   0.499962350920   2.000000000000 
 -0.009203364953   0.499915290898   2.000000000000 
 -0.012270614261   0.499849409348   2.000000000000 
 -0.015337401588   0.499764708751   2.000000000000 
 -0.018403611471   0.499661192294   2.000000000000 
 -0.021469128467   0.499538863876   2.000000000000 
 -0.024533837164   0.499397728103   2.000000000000 
 -0.027597622175   0.499237790287   2.000000000000 
 -0.030660368151   0.499059056450   2.000000000000 
 -0.033721959782   0.498861533322   2.000000000000 
 -0.036782281800   0.498645228339   2.000000000000 
 -0.039841218986   0.498410149646   2.000000000000 
 -0.042898656172   0.498156306091   2.000000000000 
 -0.045954478249   0.497883707234   2.000000000000 
 -0.049008570165   0.497592363336   2.000000000000 
 -0.052060816936   0.497282285367   2.000000000000 
 -0.055111103647   0.496953485001   2.000000000000 
 -0.058159315456   0.496605974617   2.000000000000 
 -0.061205337600   0.496239767299   2.000000000000 
 -0.064249055397   0.495854876835   2.000000000000 
 -0.067290354254   0.495451317714   2.000000000000 
 -0.070329119666   0.495029105131   2.000000000000 
 -0.073365237228   0.494588254982   2.000000000000 
 -0.076398592629   0.494128783865   2.000000000000 
 -0.079429071667   0.493650709079   2.000000000000 
 -0.082456560245   0.493154048622   2.000000000000 
 -0.085480944380   0.492638821194   2.000000000000 
 -0.088502110206   0.492105046193   2.000000000000 
 -0.091519943978   0.491552743716   2.000000000000 
 -0.094534332075   0.490981934555   2.000000000000 
 -0.097545161008   0.490392640202   2.000000000000 
 -0.100552317421   0.489784882843   2.000000000000 
 -0.103555688096   0.489158685360   2.000000000000 
 -0.106555159958   0.488514071329   2.000000000000 
 -0.109550620078   0.487851065019   2.000000000000 
 -0.112541955680   0.487169691393   2.000000000000 
 -0.115529054140   0.486469976103   2.000000000000 
 -0.118511802997   0.485751945493   2.000000000000 
 -0.121490089952   0.485015626597   2.000000000000 
 -0.124463802873   0.484261047137   2.000000000000 
 -0.127432829802   0.483488235522   2.000000000000 
 -0.130397058958   0.482697220849   2.000000000000 
 -0.133356378737   0.481888032898   2.000000000000 
 -0.136310677725   0.481060702135   2.000000000000 
 -0.139259844693   0.480215259708   2.000000000000 
 -0.142203768606   0.479351737448   2.000000000000 
 -0.145142338627   0.478470167866   2.000000000000 
 -0.148075444122   0.477570584153   2.000000000000 
 -0.151002974660   0.476653020177   2.000000000000 
 -0.153924820021   0.475717510485   2.000000000000 
 -0.156840870199   0.474764090297   2.000000000000 
 -0.159751015408   0.473792795509   2.000000000000 
 -0.162655146081   0.472803662690   2.000000000000 
 -0.165553152880   0.471796729081   2.000000000000 
 -0.168444926696   0.470772032592   2.000000000000 
 -0.171330358656   0.469729611801   2.000000000000 
 -0.174209340125   0.468669505956   2.000000000000 
 -0.177081762710   0.467591754969   2.000000000000 
 -0.179947518267   0.466496399417   2.000000000000 
 -0.182806498902   0.465383480539   2.000000000000 
 -0.185658596976   0.464253040237   2.000000000000 
 -0.188503705108   0.463105121069   2.000000000000 
 -0.191341716183   0.461939766256   2.000000000000 
 -0.194172523349   0.460757019671   2.000000000000 
 -0.196996020031   0.459556925845   2.000000000000 
 -0.199812099923   0.458339529961   2.000000000000 
 -0.202620657002   0.457104877852   2.000000000000 
 -0.205421585529   0.455853016003   2.000000000000 
 -0.208214780049   0.454583991545   2.000000000000 
 -0.211000135400   0.453297852257   2.000000000000 
 -0.213777546715   0.451994646562   2.000000000000 
 -0.216546909427   0.450674423523   2.000000000000 
 -0.219308119269   0.449337232847   2.000000000000 
 -0.222061072285   0.447983124878   2.000000000000 
 -0.224805664827   0.446612150598   2.000000000000 
 -0.227541793563   0.445224361622   2.000000000000 
 -0.230269355479   0.443819810201   2.000000000000 
 -0.232988247884   0.442398549215   2.000000000000 
 -0.235698368413   0.440960632174   2.000000000000 
 -0.238399615032   0.439506113214   2.000000000000 
 -0.241091886040   0.438035047098   2.000000000000 
 -0.243775080074   0.436547489209   2.000000000000 
 -0.246449096115   0.435043495554   2.000000000000 
 -0.249113833486   0.433523122758   2.000000000000 
 -0.251769191863   0.431986428061   2.000000000000 
 -0.254415071272   0.430433469319   2.000000000000 
 -0.257051372097   0.428864305000   2.000000000000 
 -0.259677995083   0.427278994183   2.000000000000 
 -0.262294841339   0.425677596553   2.000000000000 
 -0.264901812343   0.424060172402   2.000000000000 
 -0.267498809944   0.422426782625   2.000000000000 
 -0.270085736365   0.420777488718   2.000000000000 
 -0.272662494211   0.419112352777   2.000000000000 
 -0.275228986468   0.417431437493   2.000000000000 
 -0.277785116510   0.415734806151   2.000000000000 
 -0.280330788099   0.414022522629   2.000000000000 
 -0.282865905392   0.412294651393   2.000000000000 
 -0.285390372943   0.410551257496   2.000000000000 
 -0.287904095709   0.408792406576   2.000000000000 
 -0.290406979048   0.407018164853   2.000000000000 
 -0.292898928728   0.405228599126   2.000000000000 
 -0.295379850929   0.403423776772   2.000000000000 
 -0.297849652246   0.401603765740   2.000000000000 
 -0.300308239692   0.399768634554   2.000000000000 
 -0.302755520702   0.397918452304   2.000000000000 
 -0.305191403138   0.396053288650   2.000000000000 
 -0.307615795290   0.394173213813   2.000000000000 
 -0.310028605882   0.392278298578   2.000000000000 
 -0.312429744071   0.390368614286   2.000000000000 
 -0.314819119457   0.388444232837   2.000000000000 
 -0.317196642082   0.386505226681   2.000000000000 
 -0.319562222432   0.384551668823   2.000000000000 
 -0.321915771445   0.382583632811   2.000000000000 
 -0.324257200511   0.380601192742   2.000000000000 
 -0.326586421477   0.378604423253   2.000000000000 
 -0.328903346649   0.376593399522   2.000000000000 
 -0.331207888795   0.374568197262   2.000000000000 
 -0.333499961152   0.372528892721   2.000000000000 
 -0.335779477424   0.370475562677   2.000000000000 
 -0.338046351788   0.368408284439   2.000000000000 
 -0.340300498898   0.366327135836   2.000000000000 
 -0.342541833886   0.364232195224   2.000000000000 
 -0.344770272369   0.362123541476   2.000000000000 
 -0.346985730445   0.360001253981   2.000000000000 
 -0.349188124704   0.357865412642   2.000000000000 
 -0.351377372229   0.355716097873   2.000000000000 
 -0.353553390593   0.353553390593   2.000000000000 
 -0.355716097873   0.351377372229   2.000000000000 
 -0.357865412642   0.349188124704   2.000000000000 
 -0.360001253981   0.346985730445   2.000000000000 
 -0.362123541476   0.344770272369   2.000000000000 
 -0.364232195224   0.342541833886   2.000000000000 
 -0.366327135836   0.340300498898   2.000000000000 
 -0.368408284439   0.338046351788   2.000000000000 
 -0.370475562677   0.335779477424   2.000000000000 
 -0.372528892721   0.333499961152   2.000000000000 
 -0.374568197262   0.331207888795   2.000000000000 
 -0.376593399522   0.328903346649   2.000000000000 
 -0.378604423253   0.326586421477   2.000000000000 
 -0.380601192742   0.324257200511   2.000000000000 
 -0.382583632811   0.321915771445   2.000000000000 
 -0.384551668823   0.319562222432   2.000000000000 
 -0.386505226681   0.317196642082   2.000000000000 
 -0.388444232837   0.314819119457   2.000000000000 
 -0.390368614286   0.312429744071   2.000000000000 
 -0.392278298578   0.310028605882   2.000000000000 
 -0.394173213813   0.307615795290   2.000000000000 
 -0.396053288650   0.305191403138   2.000000000000 
 -0.397918452304   0.302755520702   2.000000000000 
 -0.399768634554   0.300308239692   2.000000000000 
 -0.401603765740   0.297849652246   2.000000000000 
 -0.403423776772   0.295379850929   2.000000000000 
 -0.405228599126   0.292898928728   2.000000000000 
 -0.407018164853   0.290406979048   2.000000000000 
 -0.408792406576   0.287904095709   2.000000000000 
 -0.410551257496   0.285390372943   2.000000000000 
 -0.412294651393   0.282865905392   2.000000000000 
 -0.414022522629   0.280330788099   2.000000000000 
 -0.415734806151   0.277785116510   2.000000000000 
 -0.417431437493   0.275228986468   2.000000000000 
 -0.419112352777   0.272662494211   2.000000000000 
 -0.420777488718   0.270085736365   2.000000000000 
 -0.422426782625   0.267498809944   2.000000000000 
 -0.424060172402   0.264901812343   2.000000000000 
 -0.425677596553   0.262294841339   2.000000000000 
 -0.427278994183   0.259677995083   2.000000000000 
 -0.428864305000   0.257051372097   2.000000000000 
 -0.430433469319   0.254415071272   2.000000000000 
 -0.431986428061   0.251769191863   2.000000000000 
 -0.433523122758   0.249113833486   2.000000000000 
 -0.435043495554   0.246449096115   2.000000000000 
 -0.436547489209   0.243775080074   2.000000000000 
 -0.438035047098   0.241091886040   2.000000000000 
 -0.439506113214   0.238399615032   2.000000000000 
 -0.440960632174   0.235698368413   2.000000000000 
 -0.442398549215   0.232988247884   2.000000000000 
 -0.443819810201   0.230269355479   2.000000000000 
 -0.445224361622   0.227541793563   2.000000000000 
 -0.446612150598   0.224805664827   2.000000000000 
 -0.447983124878   0.222061072285   2.000000000000 
 -0.449337232847   0.219308119269   2.000000000000 
 -0.450674423523   0.216546909427   2.000000000000 
 -0.451994646562   0.213777546715   2.000000000000 
 -0.453297852257   0.211000135400   2.000000000000 
 -0.454583991545   0.208214780049   2.000000000000 
 -0.455853016003   0.205421585529   2.000000000000 
 -0.457104877852   0.202620657002   2.000000000000 
 -0.458339529961   0.199812099923   2.000000000000 
 -0.459556925845   0.196996020031   2.000000000000 
 -0.460757019671   0.194172523349   2.000000000000 
 -0.461939766256   0.191341716183   2.000000000000 
 -0.463105121069   0.188503705108   2.000000000000 
 -0.464253040237   0.185658596976   2.000000000000 
 -0.465383480539   0.182806498902   2.000000000000 
 -0.466496399417   0.179947518267   2.000000000000 
 -0.467591754969   0.177081762710   2.000000000000 
 -0.468669505956   0.174209340125   2.000000000000 
 -0.469729611801   0.171330358656   2.000000000000 
 -0.470772032592   0.168444926696   2.000000000000 
 -0.471796729081   0.165553152880   2.000000000000 
 -0.472803662690   0.162655146081   2.000000000000 
 -0.473792795509   0.159751015408   2.000000000000 
 -0.474764090297   0.156840870199   2.000000000000 
 -0.475717510485   0.153924820021   2.000000000000 
 -0.476653020177   0.151002974660   2.000000000000 
 -0.477570584153   0.148075444122   2.000000000000 
 -0.478470167866   0.145142338627   2.000000000000 
 -0.479351737448   0.142203768606   2.000000000000 
 -0.480215259708   0.139259844693   2.000000000000 
 -0.481060702135   0.136310677725   2.000000000000 
 -0.481888032898   0.133356378737   2.000000000000 
 -0.482697220849   0.130397058958   2.000000000000 
 -0.483488235522   0.127432829802   2.000000000000 
 -0.484261047137   0.124463802873   2.000000000000 
 -0.485015626597   0.121490089952   2.000000000000 
 -0.485751945493   0.118511802997   2.000000000000 
 -0.486469976103   0.115529054140   2.000000000000 
 -0.487169691393   0.112541955680   2.000000000000 
 -0.487851065019   0.109550620078   2.000000000000 
 -0.488514071329   0.106555159958   2.000000000000 
 -0.489158685360   0.103555688096   2.000000000000 
 -0.489784882843   0.100552317421   2.000000000000 
 -0.490392640202   0.097545161008   2.000000000000 
 -0.490981934555   0.094534332075   2.000000000000 
 -0.491552743716   0.091519943978   2.000000000000 
 -0.492105046193   0.088502110206   2.000000000000 
 -0.492638821194   0.085480944380   2.000000000000 
 -0.493154048622   0.082456560245   2.000000000000 
 -0.493650709079   0.079429071667   2.000000000000 
 -0.494128783865   0.076398592629   2.000000000000 
 -0.494588254982   0.073365237228   2.000000000000 
 -0.495029105131   0.070329119666   2.000000000000 
 -0.495451317714   0.067290354254   2.000000000000 
 -0.495854876835   0.064249055397   2.000000000000 
 -0.496239767299   0.061205337600   2.000000000000 
 -0.496605974617   0.058159315456   2.000000000000 
 -0.496953485001   0.055111103647   2.000000000000 
 -0.497282285367   0.052060816936   2.000000000000 
 -0.497592363336   0.049008570165   2.000000000000 
 -0.497883707234   0.045954478249   2.000000000000 
 -0.498156306091   0.042898656172   2.000000000000 
 -0.498410149646   0.039841218986   2.000000000000 
 -0.498645228339   0.036782281800   2.000000000000 
 -0.498861533322   0.033721959782   2.000000000000 
 -0.499059056450   0.030660368151   2.000000000000 
 -0.499237790287   0.027597622175   2.000000000000 
 -0.499397728103   0.024533837164   2.000000000000 
 -0.499538863876   0.021469128467   2.000000000000 
 -0.499661192294   0.018403611471   2.000000000000 
 -0.499764708751   0.015337401588   2.000000000000 
 -0.499849409348   0.012270614261   2.000000000000 
 -0.499915290898   0.009203364953   2.000000000000 
 -0.499962350920   0.006135769143   2.000000000000 
 -0.499990587641   0.003067942325   2.000000000000 
 -0.500000000000   0.000000000000   2.000000000000 
 -0.499990587641  -0.003067942325   2.000000000000 
 -0.499962350920  -0.006135769143   2.000000000000 
 -0.499915290898  -0.009203364953   2.000000000000 
 -0.499849409348  -0.012270614261   2.000000000000 
 -0.499764708751  -0.015337401588   2.000000000000 
 -0.499661192294  -0.018403611471   2.000000000000 
 -0.499538863876  -0.021469128467   2.000000000000 
 -0.499397728103  -0.024533837164   2.000000000000 
 -0.499237790287  -0.027597622175   2.000000000000 
 -0.499059056450  -0.030660368151   2.000000000000 
 -0.498861533322  -0.033721959782   2.000000000000 
 -0.498645228339  -0.036782281800   2.000000000000 
 -0.498410149646  -0.039841218986   2.000000000000 
 -0.498156306091  -0.042898656172   2.000000000000 
 -0.497883707234  -0.045954478249   2.000000000000 
 -0.497592363336  -0.049008570165   2.000000000000 
 -0.497282285367  -0.052060816936   2.000000000000 
 -0.496953485001  -0.055111103647   2.000000000000 
 -0.496605974617  -0.058159315456   2.000000000000 
 -0.496239767299  -0.061205337600   2.000000000000 
 -0.495854876835  -0.064249055397   2.000000000000 
 -0.495451317714  -0.067290354254   2.000000000000 
 -0.495029105131  -0.070329119666   2.000000000000 
 -0.494588254982  -0.073365237228   2.000000000000 
 -0.494128783865  -0.076398592629   2.000000000000 
 -0.493650709079  -0.079429071667   2.000000000000 
 -0.493154048622  -0.082456560245   2.000000000000 
 -0.492638821194  -0.085480944380   2.000000000000 
 -0.492105046193  -0.088502110206   2.000000000000 
 -0.491552743716  -0.091519943978   2.000000000000 
 -0.490981934555  -0.094534332075   2.000000000000 
 -0.490392640202  -0.097545161008   2.000000000000 
 -0.489784882843  -0.100552317421   2.000000000000 
 -0.489158685360  -0.103555688096   2.000000000000 
 -0.488514071329  -0.106555159958   2.000000000000 
 -0.487851065019  -0.109550620078   2.000000000000 
 -0.487169691393  -0.112541955680   2.000000000000 
 -0.486469976103  -0.115529054140   2.000000000000 
 -0.485751945493  -0.118511802997   2.000000000000 
 -0.485015626597  -0.121490089952   2.000000000000 
 -0.484261047137  -0.124463802873   2.000000000000 
 -0.483488235522  -0.127432829802   2.000000000000 
 -0.482697220849  -0.130397058958   2.000000000000 
 -0.481888032898  -0.133356378737   2.000000000000 
 -0.481060702135  -0.136310677725   2.000000000000 
 -0.480215259708  -0.139259844693   2.000000000000 
 -0.479351737448  -0.142203768606   2.000000000000 
 -0.478470167866  -0.145142338627   2.000000000000 
 -0.477570584153  -0.148075444122   2.000000000000 
 -0.476653020177  -0.151002974660   2.000000000000 
 -0.475717510485  -0.153924820021   2.000000000000 
 -0.474764090297  -0.156840870199   2.000000000000 
 -0.473792795509  -0.159751015408   2.000000000000 
 -0.472803662690  -0.162655146081   2.000000000000 
 -0.471796729081  -0.165553152880   2.000000000000 
 -0.470772032592  -0.168444926696   2.000000000000 
 -0.469729611801  -0.171330358656   2.000000000000 
 -0.468669505956  -0.174209340125   2.000000000000 
 -0.467591754969  -0.177081762710   2.000000000000 
 -0.466496399417  -0.179947518267   2.000000000000 
 -0.465383480539  -0.182806498902   2.000000000000 
 -0.464253040237  -0.185658596976   2.000000000000 
 -0.463105121069  -0.188503705108   2.000000000000 
 -0.461939766256  -0.191341716183   2.000000000000 
 -0.460757019671  -0.194172523349   2.000000000000 
 -0.459556925845  -0.196996020031   2.000000000000 
 -0.458339529961  -0.199812099923   2.000000000000 
 -0.457104877852  -0.202620657002   2.000000000000 
 -0.455853016003  -0.205421585529   2.000000000000 
 -0.454583991545  -0.208214780049   2.000000000000 
 -0.453297852257  -0.211000135400   2.000000000000 
 -0.451994646562  -0.213777546715   2.000000000000 
 -0.450674423523  -0.216546909427   2.000000000000 
 -0.449337232847  -0.219308119269   2.000000000000 
 -0.447983124878  -0.222061072285   2.000000000000 
 -0.446612150598  -0.224805664827   2.000000000000 
 -0.445224361622  -0.227541793563   2.000000000000 
 -0.443819810201  -0.230269355479   2.000000000000 
 -0.442398549215  -0.232988247884   2.000000000000 
 -0.440960632174  -0.235698368413   2.000000000000 
 -0.439506113214  -0.238399615032   2.000000000000 
 -0.438035047098  -0.241091886040   2.000000000000 
 -0.436547489209  -0.243775080074   2.000000000000 
 -0.435043495554  -0.246449096115   2.000000000000 
 -0.433523122758  -0.249113833486   2.000000000000 
 -0.431986428061  -0.251769191863   2.000000000000 
 -0.430433469319  -0.254415071272   2.000000000000 
 -0.428864305000  -0.257051372097   2.000000000000 
 -0.427278994183  -0.259677995083   2.000000000000 
 -0.425677596553  -0.262294841339   2.000000000000 
 -0.424060172402  -0.264901812343   2.000000000000 
 -0.422426782625  -0.267498809944   2.000000000000 
 -0.420777488718  -0.270085736365   2.000000000000 
 -0.419112352777  -0.272662494211   2.000000000000 
 -0.417431437493  -0.275228986468   2.000000000000 
 -0.415734806151  -0.277785116510   2.000000000000 
 -0.414022522629  -0.280330788099   2.000000000000 
 -0.412294651393  -0.282865905392   2.000000000000 
 -0.410551257496  -0.285390372943   2.000000000000 
 -0.408792406576  -0.287904095709   2.000000000000 
 -0.407018164853  -0.290406979048   2.000000000000 
 -0.405228599126  -0.292898928728   2.000000000000 
 -0.403423776772  -0.295379850929   2.000000000000 
 -0.401603765740  -0.297849652246   2.000000000000 
 -0.399768634554  -0.300308239692   2.000000000000 
 -0.397918452304  -0.302755520702   2.000000000000 
 -0.396053288650  -0.305191403138   2.000000000000 
 -0.394173213813  -0.307615795290   2.000000000000 
 -0.392278298578  -0.310028605882   2.000000000000 
 -0.390368614286  -0.312429744071   2.000000000000 
 -0.388444232837  -0.314819119457   2.000000000000 
 -0.386505226681  -0.317196642082   2.000000000000 
 -0.384551668823  -0.319562222432   2.000000000000 
 -0.382583632811  -0.321915771445   2.000000000000 
 -0.380601192742  -0.324257200511   2.000000000000 
 -0.378604423253  -0.326586421477   2.000000000000 
 -0.376593399522  -0.328903346649   2.000000000000 
 -0.374568197262  -0.331207888795   2.000000000000 
 -0.372528892721  -0.333499961152   2.000000000000 
 -0.370475562677  -0.335779477424   2.000000000000 
 -0.368408284439  -0.338046351788   2.000000000000 
 -0.366327135836  -0.340300498898   2.000000000000 
 -0.364232195224  -0.342541833886   2.000000000000 
 -0.362123541476  -0.344770272369   2.000000000000 
 -0.360001253981  -0.346985730445   2.000000000000 
 -0.357865412642  -0.349188124704   2.000000000000 
 -0.355716097873  -0.351377372229   2.000000000000 
 -0.353553390593  -0.353553390593   2.000000000000 
 -0.351377372229  -0.355716097873   2.000000000000 
 -0.349188124704  -0.357865412642   2.000000000000 
 -0.346985730445  -0.360001253981   2.000000000000 
 -0.344770272369  -0.362123541476   2.000000000000 
 -0.342541833886  -0.364232195224   2.000000000000 
 -0.340300498898  -0.366327135836   2.000000000000 
 -0.338046351788  -0.368408284439   2.000000000000 
 -0.335779477424  -0.370475562677   2.000000000000 
 -0.333499961152  -0.372528892721   2.000000000000 
 -0.331207888795  -0.374568197262   2.000000000000 
 -0.328903346649  -0.376593399522   2.000000000000 
 -0.326586421477  -0.378604423253   2.000000000000 
 -0.324257200511  -0.380601192742   2.000000000000 
 -0.321915771445  -0.382583632811   2.000000000000 
 -0.319562222432  -0.384551668823   2.000000000000 
 -0.317196642082  -0.386505226681   2.000000000000 
 -0.314819119457  -0.388444232837   2.000000000000 
 -0.312429744071  -0.390368614286   2.000000000000 
 -0.310028605882  -0.392278298578   2.000000000000 
 -0.307615795290  -0.394173213813   2.000000000000 
 -0.305191403138  -0.396053288650   2.000000000000 
 -0.302755520702  -0.397918452304   2.000000000000 
 -0.300308239692  -0.399768634554   2.000000000000 
 -0.297849652246  -0.401603765740   2.000000000000 
 -0.295379850929  -0.403423776772   2.000000000000 
 -0.292898928728  -0.405228599126   2.000000000000 
 -0.290406979048  -0.407018164853   2.000000000000 
 -0.287904095709  -0.408792406576   2.000000000000 
 -0.285390372943  -0.410551257496   2.000000000000 
 -0.282865905392  -0.412294651393   2.000000000000 
 -0.280330788099  -0.414022522629   2.000000000000 
 -0.277785116510  -0.415734806151   2.000000000000 
 -0.275228986468  -0.417431437493   2.000000000000 
 -0.272662494211  -0.419112352777   2.000000000000 
 -0.270085736365  -0.420777488718   2.000000000000 
 -0.267498809944  -0.422426782625   2.000000000000 
 -0.264901812343  -0.424060172402   2.000000000000 
 -0.262294841339  -0.425677596553   2.000000000000 
 -0.259677995083  -0.427278994183   2.000000000000 
 -0.257051372097  -0.428864305000   2.000000000000 
 -0.254415071272  -0.430433469319   2.000000000000 
 -0.251769191863  -0.431986428061   2.000000000000 
 -0.249113833486  -0.433523122758   2.000000000000 
 -0.246449096115  -0.435043495554   2.000000000000 
 -0.243775080074  -0.436547489209   2.000000000000 
 -0.241091886040  -0.438035047098   2.000000000000 
 -0.238399615032  -0.439506113214   2.000000000000 
 -0.235698368413  -0.440960632174   2.000000000000 
 -0.232988247884  -0.442398549215   2.000000000000 
 -0.230269355479  -0.443819810201   2.000000000000 
 -0.227541793563  -0.445224361622   2.000000000000 
 -0.224805664827  -0.446612150598   2.000000000000 
 -0.222061072285  -0.447983124878   2.000000000000 
 -0.219308119269  -0.449337232847   2.000000000000 
 -0.216546909427  -0.450674423523   2.000000000000 
 -0.213777546715  -0.451994646562   2.000000000000 
 -0.211000135400  -0.453297852257   2.000000000000 
 -0.208214780049  -0.454583991545   2.000000000000 
 -0.205421585529  -0.455853016003   2.000000000000 
 -0.202620657002  -0.457104877852   2.000000000000 
 -0.199812099923  -0.458339529961   2.000000000000 
 -0.196996020031  -0.459556925845   2.000000000000 
 -0.194172523349  -0.460757019671   2.000000000000 
 -0.191341716183  -0.461939766256   2.000000000000 
 -0.188503705108  -0.463105121069   2.000000000000 
 -0.185658596976  -0.464253040237   2.000000000000 
 -0.182806498902  -0.465383480539   2.000000000000 
 -0.179947518267  -0.466496399417   2.000000000000 
 -0.177081762710  -0.467591754969   2.000000000000 
 -0.174209340125  -0.468669505956   2.000000000000 
 -0.171330358656  -0.469729611801   2.000000000000 
 -0.168444926696  -0.470772032592   2.000000000000 
 -0.165553152880  -0.471796729081   2.000000000000 
 -0.162655146081  -0.472803662690   2.000000000000 
 -0.159751015408  -0.473792795509   2.000000000000 
 -0.156840870199  -0.474764090297   2.000000000000 
 -0.153924820021  -0.475717510485   2.000000000000 
 -0.151002974660  -0.476653020177   2.000000000000 
 -0.148075444122  -0.477570584153   2.000000000000 
 -0.145142338627  -0.478470167866   2.000000000000 
 -0.142203768606  -0.479351737448   2.000000000000 
 -0.139259844693  -0.480215259708   2.000000000000 
 -0.136310677725  -0.481060702135   2.000000000000 
 -0.133356378737  -0.481888032898   2.000000000000 
 -0.130397058958  -0.482697220849   2.000000000000 
 -0.127432829802  -0.483488235522   2.000000000000 
 -0.124463802873  -0.484261047137   2.000000000000 
 -0.121490089952  -0.485015626597   2.000000000000 
 -0.118511802997  -0.485751945493   2.000000000000 
 -0.115529054140  -0.486469976103   2.000000000000 
 -0.112541955680  -0.487169691393   2.000000000000 
 -0.109550620078  -0.487851065019   2.000000000000 
 -0.106555159958  -0.488514071329   2.000000000000 
 -0.103555688096  -0.489158685360   2.000000000000 
 -0.100552317421  -0.489784882843   2.000000000000 
 -0.097545161008  -0.490392640202   2.000000000000 
 -0.094534332075  -0.490981934555   2.000000000000 
 -0.091519943978  -0.491552743716   2.000000000000 
 -0.088502110206  -0.492105046193   2.000000000000 
 -0.085480944380  -0.492638821194   2.000000000000 
 -0.082456560245  -0.493154048622   2.000000000000 
 -0.079429071667  -0.493650709079   2.000000000000 
 -0.076398592629  -0.494128783865   2.000000000000 
 -0.073365237228  -0.494588254982   2.000000000000 
 -0.070329119666  -0.495029105131   2.000000000000 
 -0.067290354254  -0.495451317714   2.000000000000 
 -0.064249055397  -0.495854876835   2.000000000000 
 -0.061205337600  -0.496239767299   2.000000000000 
 -0.058159315456  -0.496605974617   2.000000000000 
 -0.055111103647  -0.496953485001   2.000000000000 
 -0.052060816936  -0.497282285367   2.000000000000 
 -0.049008570165  -0.497592363336   2.000000000000 
 -0.045954478249  -0.497883707234   2.000000000000 
 -0.042898656172  -0.498156306091   2.000000000000 
 -0.039841218986  -0.498410149646   2.000000000000 
 -0.036782281800  -0.498645228339   2.000000000000 
 -0.033721959782  -0.498861533322   2.000000000000 
 -0.030660368151  -0.499059056450   2.000000000000 
 -0.027597622175  -0.499237790287   2.000000000000 
 -0.024533837164  -0.499397728103   2.000000000000 
 -0.021469128467  -0.499538863876   2.000000000000 
 -0.018403611471  -0.499661192294   2.000000000000 
 -0.015337401588  -0.499764708751   2.000000000000 
 -0.012270614261  -0.499849409348   2.000000000000 
 -0.009203364953  -0.499915290898   2.000000000000 
 -0.006135769143  -0.499962350920   2.000000000000 
 -0.003067942325  -0.499990587641   2.000000000000 
 -0.000000000000  -0.500000000000   2.000000000000 
  0.003067942325  -0.499990587641   2.000000000000 
  0.006135769143  -0.499962350920   2.000000000000 
  0.009203364953  -0.499915290898   2.000000000000 
  0.012270614261  -0.499849409348   2.000000000000 
  0.015337401588  -0.499764708751   2.000000000000 
  0.018403611471  -0.499661192294   2.000000000000 
  0.021469128467  -0.499538863876   2.000000000000 
  0.024533837164  -0.499397728103   2.000000000000 
  0.027597622175  -0.499237790287   2.000000000000 
  0.030660368151  -0.499059056450   2.000000000000 
  0.033721959782  -0.498861533322   2.000000000000 
  0.036782281800  -0.498645228339   2.000000000000 
  0.039841218986  -0.498410149646   2.000000000000 
  0.042898656172  -0.498156306091   2.000000000000 
  0.045954478249  -0.497883707234   2.000000000000 
  0.049008570165  -0.497592363336   2.000000000000 
  0.052060816936  -0.497282285367   2.000000000000 
  0.055111103647  -0.496953485001   2.000000000000 
  0.058159315456  -0.496605974617   2.000000000000 
  0.061205337600  -0.496239767299   2.000000000000 
  0.064249055397  -0.495854876835   2.000000000000 
  0.067290354254  -0.495451317714   2.000000000000 
  0.070329119666  -0.495029105131   2.000000000000 
  0.073365237228  -0.494588254982   2.000000000000 
  0.076398592629  -0.494128783865   2.000000000000 
  0.079429071667  -0.493650709079   2.000000000000 
  0.082456560245  -0.493154048622   2.000000000000 
  0.085480944380  -0.492638821194   2.000000000000 
  0.088502110206  -0.492105046193   2.000000000000 
  0.091519943978  -0.491552743716   2.000000000000 
  0.094534332075  -0.490981934555   2.000000000000 
  0.097545161008  -0.490392640202   2.000000000000 
  0.100552317421  -0.489784882843   2.000000000000 
  0.103555688096  -0.489158685360   2.000000000000 
  0.106555159958  -0.488514071329   2.000000000000 
  0.109550620078  -0.487851065019   2.000000000000 
  0.112541955680  -0.487169691393   2.000000000000 
  0.115529054140  -0.486469976103   2.000000000000 
  0.118511802997  -0.485751945493   2.000000000000 
  0.121490089952  -0.485015626597   2.000000000000 
  0.124463802873  -0.484261047137   2.000000000000 
  0.127432829802  -0.483488235522   2.000000000000 
  0.130397058958  -0.482697220849   2.000000000000 
  0.133356378737  -0.481888032898   2.000000000000 
  0.136310677725  -0.481060702135   2.000000000000 
  0.139259844693  -0.480215259708   2.000000000000 
  0.142203768606  -0.479351737448   2.000000000000 
  0.145142338627  -0.478470167866   2.000000000000 
  0.148075444122  -0.477570584153   2.000000000000 
  0.151002974660  -0.476653020177   2.000000000000 
  0.153924820021  -0.475717510485   2.000000000000 
  0.156840870199  -0.474764090297   2.000000000000 
  0.159751015408  -0.473792795509   2.000000000000 
  0.162655146081  -0.472803662690   2.000000000000 
  0.165553152880  -0.471796729081   2.000000000000 
  0.168444926696  -0.470772032592   2.000000000000 
  0.171330358656  -0.469729611801   2.000000000000 
  0.174209340125  -0.468669505956   2.000000000000 
  0.177081762710  -0.467591754969   2.000000000000 
  0.179947518267  -0.466496399417   2.000000000000 
  0.182806498902  -0.465383480539   2.000000000000 
  0.185658596976  -0.464253040237   2.000000000000 
  0.188503705108  -0.463105121069   2.000000000000 
  0.191341716183  -0.461939766256   2.000000000000 
  0.194172523349  -0.460757019671   2.000000000000 
  0.196996020031  -0.459556925845   2.000000000000 
  0.199812099923  -0.458339529961   2.000000000000 
  0.202620657002  -0.457104877852   2.000000000000 
  0.205421585529  -0.455853016003   2.000000000000 
  0.208214780049  -0.454583991545   2.000000000000 
  0.211000135400  -0.453297852257   2.000000000000 
  0.213777546715  -0.451994646562   2.000000000000 
  0.216546909427  -0.450674423523   2.000000000000 
  0.219308119269  -0.449337232847   2.000000000000 
  0.222061072285  -0.447983124878   2.000000000000 
  0.224805664827  -0.446612150598   2.000000000000 
  0.227541793563  -0.445224361622   2.000000000000 
  0.230269355479  -0.443819810201   2.000000000000 
  0.232988247884  -0.442398549215   2.000000000000 
  0.235698368413  -0.440960632174   2.000000000000 
  0.238399615032  -0.439506113214   2.000000000000 
  0.241091886040  -0.438035047098   2.000000000000 
  0.243775080074  -0.436547489209   2.000000000000 
  0.246449096115  -0.435043495554   2.000000000000 
  0.249113833486  -0.433523122758   2.000000000000 
  0.251769191863  -0.431986428061   2.000000000000 
  0.254415071272  -0.430433469319   2.000000000000 
  0.257051372097  -0.428864305000   2.000000000000 
  0.259677995083  -0.427278994183   2.000000000000 
  0.262294841339  -0.425677596553   2.000000000000 
  0.264901812343  -0.424060172402   2.000000000000 
  0.267498809944  -0.422426782625   2.000000000000 
  0.270085736365  -0.420777488718   2.000000000000 
  0.272662494211  -0.419112352777   2.000000000000 
  0.275228986468  -0.417431437493   2.000000000000 
  0.277785116510  -0.415734806151   2.000000000000 
  0.280330788099  -0.414022522629   2.000000000000 
  0.282865905392  -0.412294651393   2.000000000000 
  0.285390372943  -0.410551257496   2.000000000000 
  0.287904095709  -0.408792406576   2.000000000000 
  0.290406979048  -0.407018164853   2.000000000000 
  0.292898928728  -0.405228599126   2.000000000000 
  0.295379850929  -0.403423776772   2.000000000000 
  0.297849652246  -0.401603765740   2.000000000000 
  0.300308239692  -0.399768634554   2.000000000000 
  0.302755520702  -0.397918452304   2.000000000000 
  0.305191403138  -0.396053288650   2.000000000000 
  0.307615795290  -0.394173213813   2.000000000000 
  0.310028605882  -0.392278298578   2.000000000000 
  0.312429744071  -0.390368614286   2.000000000000 
  0.314819119457  -0.388444232837   2.000000000000 
  0.317196642082  -0.386505226681   2.000000000000 
  0.319562222432  -0.384551668823   2.000000000000 
  0.321915771445  -0.382583632811   2.000000000000 
  0.324257200511  -0.380601192742   2.000000000000 
  0.326586421477  -0.378604423253   2.000000000000 
  0.328903346649  -0.376593399522   2.000000000000 
  0.331207888795  -0.374568197262   2.000000000000 
  0.333499961152  -0.372528892721   2.000000000000 
  0.335779477424  -0.370475562677   2.000000000000 
  0.338046351788  -0.368408284439   2.000000000000 
  0.340300498898  -0.366327135836   2.000000000000 
  0.342541833886  -0.364232195224   2.000000000000 
  0.344770272369  -0.362123541476   2.000000000000 
  0.346985730445  -0.360001253981   2.000000000000 
  0.349188124704  -0.357865412642   2.000000000000 
  0.351377372229  -0.355716097873   2.000000000000 
  0.353553390593  -0.353553390593   2.000000000000 
  0.355716097873  -0.351377372229   2.000000000000 
  0.357865412642  -0.349188124704   2.000000000000 
  0.360001253981  -0.346985730445   2.000000000000 
  0.362123541476  -0.344770272369   2.000000000000 
  0.364232195224  -0.342541833886   2.000000000000 
  0.366327135836  -0.340300498898   2.000000000000 
  0.368408284439  -0.338046351788   2.000000000000 
  0.370475562677  -0.335779477424   2.000000000000 
  0.372528892721  -0.333499961152   2.000000000000 
  0.374568197262  -0.331207888795   2.000000000000 
  0.376593399522  -0.328903346649   2.000000000000 
  0.378604423253  -0.326586421477   2.000000000000 
  0.380601192742  -0.324257200511   2.000000000000 
  0.382583632811  -0.321915771445   2.000000000000 
  0.384551668823  -0.319562222432   2.000000000000 
  0.386505226681  -0.317196642082   2.000000000000 
  0.388444232837  -0.314819119457   2.000000000000 
  0.390368614286  -0.312429744071   2.000000000000 
  0.392278298578  -0.310028605882   2.000000000000 
  0.394173213813  -0.307615795290   2.000000000000 
  0.396053288650  -0.305191403138   2.000000000000 
  0.397918452304  -0.302755520702   2.000000000000 
  0.399768634554  -0.300308239692   2.000000000000 
  0.401603765740  -0.297849652246   2.000000000000 
  0.403423776772  -0.295379850929   2.000000000000 
  0.405228599126  -0.292898928728   2.000000000000 
  0.407018164853  -0.290406979048   2.000000000000 
  0.408792406576  -0.287904095709   2.000000000000 
  0.410551257496  -0.285390372943   2.000000000000 
  0.412294651393  -0.282865905392   2.000000000000 
  0.414022522629  -0.280330788099   2.000000000000 
  0.415734806151  -0.277785116510   2.000000000000 
  0.417431437493  -0.275228986468   2.000000000000 
  0.419112352777  -0.272662494211   2.000000000000 
  0.420777488718  -0.270085736365   2.000000000000 
  0.422426782625  -0.267498809944   2.000000000000 
  0.424060172402  -0.264901812343   2.000000000000 
  0.425677596553  -0.262294841339   2.000000000000 
  0.427278994183  -0.259677995083   2.000000000000 
  0.428864305000  -0.257051372097   2.000000000000 
  0.430433469319  -0.254415071272   2.000000000000 
  0.431986428061  -0.251769191863   2.000000000000 
  0.433523122758  -0.249113833486   2.000000000000 
  0.435043495554  -0.246449096115   2.000000000000 
  0.436547489209  -0.243775080074   2.000000000000 
  0.438035047098  -0.241091886040   2.000000000000 
  0.439506113214  -0.238399615032   2.000000000000 
  0.440960632174  -0.235698368413   2.000000000000 
  0.442398549215  -0.232988247884   2.000000000000 
  0.443819810201  -0.230269355479   2.000000000000 
  0.445224361622  -0.227541793563   2.000000000000 
  0.446612150598  -0.224805664827   2.000000000000 
  0.447983124878  -0.222061072285   2.000000000000 
  0.449337232847  -0.219308119269   2.000000000000 
  0.450674423523  -0.216546909427   2.000000000000 
  0.451994646562  -0.213777546715   2.000000000000 
  0.453297852257  -0.211000135400   2.000000000000 
  0.454583991545  -0.208214780049   2.000000000000 
  0.455853016003  -0.205421585529   2.000000000000 
  0.457104877852  -0.202620657002   2.000000000000 
  0.458339529961  -0.199812099923   2.000000000000 
  0.459556925845  -0.196996020031   2.000000000000 
  0.460757019671  -0.194172523349   2.000000000000 
  0.461939766256  -0.191341716183   2.000000000000 
  0.463105121069  -0.188503705108   2.000000000000 
  0.464253040237  -0.185658596976   2.000000000000 
  0.465383480539  -0.182806498902   2.000000000000 
  0.466496399417  -0.179947518267   2.000000000000 
  0.467591754969  -0.177081762710   2.000000000000 
  0.468669505956  -0.174209340125   2.000000000000 
  0.469729611801  -0.171330358656   2.000000000000 
  0.470772032592  -0.168444926696   2.000000000000 
  0.471796729081  -0.165553152880   2.000000000000 
  0.472803662690  -0.162655146081   2.000000000000 
  0.473792795509  -0.159751015408   2.000000000000 
  0.474764090297  -0.156840870199   2.000000000000 
  0.475717510485  -0.153924820021   2.000000000000 
  0.476653020177  -0.151002974660   2.000000000000 
  0.477570584153  -0.148075444122   2.000000000000 
  0.478470167866  -0.145142338627   2.000000000000 
  0.479351737448  -0.142203768606   2.000000000000 
  0.480215259708  -0.139259844693   2.000000000000 
  0.481060702135  -0.136310677725   2.000000000000 
  0.481888032898  -0.133356378737   2.000000000000 
  0.482697220849  -0.130397058958   2.000000000000 
  0.483488235522  -0.127432829802   2.000000000000 
  0.484261047137  -0.124463802873   2.000000000000 
  0.485015626597  -0.121490089952   2.000000000000 
  0.485751945493  -0.118511802997   2.000000000000 
  0.486469976103  -0.115529054140   2.000000000000 
  0.487169691393  -0.112541955680   2.000000000000 
  0.487851065019  -0.109550620078   2.000000000000 
  0.488514071329  -0.106555159958   2.000000000000 
  0.489158685360  -0.103555688096   2.000000000000 
  0.489784882843  -0.100552317421   2.000000000000 
  0.490392640202  -0.097545161008   2.000000000000 
  0.490981934555  -0.094534332075   2.000000000000 
  0.491552743716  -0.091519943978   2.000000000000 
  0.492105046193  -0.088502110206   2.000000000000 
  0.492638821194  -0.085480944380   2.000000000000 
  0.493154048622  -0.082456560245   2.000000000000 
  0.493650709079  -0.079429071667   2.000000000000 
  0.494128783865  -0.076398592629   2.000000000000 
  0.494588254982  -0.073365237228   2.000000000000 
  0.495029105131  -0.070329119666   2.000000000000 
  0.495451317714  -0.067290354254   2.000000000000 
  0.495854876835  -0.064249055397   2.000000000000 
  0.496239767299  -0.061205337600   2.000000000000 
  0.496605974617  -0.058159315456   2.000000000000 
  0.496953485001  -0.055111103647   2.000000000000 
  0.497282285367  -0.052060816936   2.000000000000 
  0.497592363336  -0.049008570165   2.000000000000 
  0.497883707234  -0.045954478249   2.000000000000 
  0.498156306091  -0.042898656172   2.000000000000 
  0.498410149646  -0.039841218986   2.000000000000 
  0.498645228339  -0.036782281800   2.000000000000 
  0.498861533322  -0.033721959782   2.000000000000 
  0.499059056450  -0.030660368151   2.000000000000 
  0.499237790287  -0.027597622175   2.000000000000 
  0.499397728103  -0.024533837164   2.000000000000 
  0.499538863876  -0.021469128467   2.000000000000 
  0.499661192294  -0.018403611471   2.000000000000 
  0.499764708751  -0.015337401588   2.000000000000 
  0.499849409348  -0.012270614261   2.000000000000 
  0.499915290898  -0.009203364953   2.000000000000 
  0.499962350920  -0.006135769143   2.000000000000 
  0.499990587641  -0.003067942325   2.000000000000 
  0.500000000000  -0.000000000000   2.000000000000 
