&vertexinfo nvertex = 10, ndimension = 3, &end
  0.500000000000   0.000000000000   2.000000000000
  0.404508497187   0.293892626146   2.000000000000
  0.154508497187   0.475528258148   2.000000000000
 -0.154508497187   0.475528258148   2.000000000000
 -0.404508497187   0.293892626146   2.000000000000
 -0.500000000000   0.000000000000   2.000000000000
 -0.404508497187  -0.293892626146   2.000000000000
 -0.154508497187  -0.475528258148   2.000000000000
  0.154508497187  -0.475528258148   2.000000000000
  0.404508497187  -0.293892626146   2.000000000000
  0.500000000000  -0.000000000000   2.000000000000
