&vertexinfo nvertex = 256, ndimension = 3, &end
 -0.250000000000   0.000000000000   2.000000000000 
 -0.250150590652   0.012270614261   2.000000000000 
 -0.250602271897   0.024533837164   2.000000000000 
 -0.251354771661   0.036782281800   2.000000000000 
 -0.252407636664   0.049008570165   2.000000000000 
 -0.253760232701   0.061205337600   2.000000000000 
 -0.255411745018   0.073365237228   2.000000000000 
 -0.257361178806   0.085480944380   2.000000000000 
 -0.259607359798   0.097545161008   2.000000000000 
 -0.262148934981   0.109550620078   2.000000000000 
 -0.264984373403   0.121490089952   2.000000000000 
 -0.268111967102   0.133356378737   2.000000000000 
 -0.271529832134   0.145142338627   2.000000000000 
 -0.275235909703   0.156840870199   2.000000000000 
 -0.279227967408   0.168444926696   2.000000000000 
 -0.283503600583   0.179947518267   2.000000000000 
 -0.288060233744   0.191341716183   2.000000000000 
 -0.292895122148   0.202620657002   2.000000000000 
 -0.298005353438   0.213777546715   2.000000000000 
 -0.303387849402   0.224805664827   2.000000000000 
 -0.309039367826   0.235698368413   2.000000000000 
 -0.314956504446   0.246449096115   2.000000000000 
 -0.321135695000   0.257051372097   2.000000000000 
 -0.327573217375   0.267498809944   2.000000000000 
 -0.334265193849   0.277785116510   2.000000000000 
 -0.341207593424   0.287904095709   2.000000000000 
 -0.348396234260   0.297849652246   2.000000000000 
 -0.355826786187   0.307615795290   2.000000000000 
 -0.363494773319   0.317196642082   2.000000000000 
 -0.371395576747   0.326586421477   2.000000000000 
 -0.379524437323   0.335779477424   2.000000000000 
 -0.387876458524   0.344770272369   2.000000000000 
 -0.396446609407   0.353553390593   2.000000000000 
 -0.405229727631   0.362123541476   2.000000000000 
 -0.414220522576   0.370475562677   2.000000000000 
 -0.423413578523   0.378604423253   2.000000000000 
 -0.432803357918   0.386505226681   2.000000000000 
 -0.442384204710   0.394173213813   2.000000000000 
 -0.452150347754   0.401603765740   2.000000000000 
 -0.462095904291   0.408792406576   2.000000000000 
 -0.472214883490   0.415734806151   2.000000000000 
 -0.482501190056   0.422426782625   2.000000000000 
 -0.492948627903   0.428864305000   2.000000000000 
 -0.503550903885   0.435043495554   2.000000000000 
 -0.514301631587   0.440960632174   2.000000000000 
 -0.525194335173   0.446612150598   2.000000000000 
 -0.536222453285   0.451994646562   2.000000000000 
 -0.547379342998   0.457104877852   2.000000000000 
 -0.558658283817   0.461939766256   2.000000000000 
 -0.570052481733   0.466496399417   2.000000000000 
 -0.581555073304   0.470772032592   2.000000000000 
 -0.593159129801   0.474764090297   2.000000000000 
 -0.604857661373   0.478470167866   2.000000000000 
 -0.616643621263   0.481888032898   2.000000000000 
 -0.628509910048   0.485015626597   2.000000000000 
 -0.640449379922   0.487851065019   2.000000000000 
 -0.652454838992   0.490392640202   2.000000000000 
 -0.664519055620   0.492638821194   2.000000000000 
 -0.676634762772   0.494588254982   2.000000000000 
 -0.688794662400   0.496239767299   2.000000000000 
 -0.700991429835   0.497592363336   2.000000000000 
 -0.713217718200   0.498645228339   2.000000000000 
 -0.725466162836   0.499397728103   2.000000000000 
 -0.737729385739   0.499849409348   2.000000000000 
 -0.750000000000   0.500000000000   2.000000000000 
 -0.762270614261   0.499849409348   2.000000000000 
 -0.774533837164   0.499397728103   2.000000000000 
 -0.786782281800   0.498645228339   2.000000000000 
 -0.799008570165   0.497592363336   2.000000000000 
 -0.811205337600   0.496239767299   2.000000000000 
 -0.823365237228   0.494588254982   2.000000000000 
 -0.835480944380   0.492638821194   2.000000000000 
 -0.847545161008   0.490392640202   2.000000000000 
 -0.859550620078   0.487851065019   2.000000000000 
 -0.871490089952   0.485015626597   2.000000000000 
 -0.883356378737   0.481888032898   2.000000000000 
 -0.895142338627   0.478470167866   2.000000000000 
 -0.906840870199   0.474764090297   2.000000000000 
 -0.918444926696   0.470772032592   2.000000000000 
 -0.929947518267   0.466496399417   2.000000000000 
 -0.941341716183   0.461939766256   2.000000000000 
 -0.952620657002   0.457104877852   2.000000000000 
 -0.963777546715   0.451994646562   2.000000000000 
 -0.974805664827   0.446612150598   2.000000000000 
 -0.985698368413   0.440960632174   2.000000000000 
 -0.996449096115   0.435043495554   2.000000000000 
 -1.007051372097   0.428864305000   2.000000000000 
 -1.017498809944   0.422426782625   2.000000000000 
 -1.027785116510   0.415734806151   2.000000000000 
 -1.037904095709   0.408792406576   2.000000000000 
 -1.047849652246   0.401603765740   2.000000000000 
 -1.057615795290   0.394173213813   2.000000000000 
 -1.067196642082   0.386505226681   2.000000000000 
 -1.076586421477   0.378604423253   2.000000000000 
 -1.085779477424   0.370475562677   2.000000000000 
 -1.094770272369   0.362123541476   2.000000000000 
 -1.103553390593   0.353553390593   2.000000000000 
 -1.112123541476   0.344770272369   2.000000000000 
 -1.120475562677   0.335779477424   2.000000000000 
 -1.128604423253   0.326586421477   2.000000000000 
 -1.136505226681   0.317196642082   2.000000000000 
 -1.144173213813   0.307615795290   2.000000000000 
 -1.151603765740   0.297849652246   2.000000000000 
 -1.158792406576   0.287904095709   2.000000000000 
 -1.165734806151   0.277785116510   2.000000000000 
 -1.172426782625   0.267498809944   2.000000000000 
 -1.178864305000   0.257051372097   2.000000000000 
 -1.185043495554   0.246449096115   2.000000000000 
 -1.190960632174   0.235698368413   2.000000000000 
 -1.196612150598   0.224805664827   2.000000000000 
 -1.201994646562   0.213777546715   2.000000000000 
 -1.207104877852   0.202620657002   2.000000000000 
 -1.211939766256   0.191341716183   2.000000000000 
 -1.216496399417   0.179947518267   2.000000000000 
 -1.220772032592   0.168444926696   2.000000000000 
 -1.224764090297   0.156840870199   2.000000000000 
 -1.228470167866   0.145142338627   2.000000000000 
 -1.231888032898   0.133356378737   2.000000000000 
 -1.235015626597   0.121490089952   2.000000000000 
 -1.237851065019   0.109550620078   2.000000000000 
 -1.240392640202   0.097545161008   2.000000000000 
 -1.242638821194   0.085480944380   2.000000000000 
 -1.244588254982   0.073365237228   2.000000000000 
 -1.246239767299   0.061205337600   2.000000000000 
 -1.247592363336   0.049008570165   2.000000000000 
 -1.248645228339   0.036782281800   2.000000000000 
 -1.249397728103   0.024533837164   2.000000000000 
 -1.249849409348   0.012270614261   2.000000000000 
 -1.250000000000   0.000000000000   2.000000000000 
 -1.249849409348  -0.012270614261   2.000000000000 
 -1.249397728103  -0.024533837164   2.000000000000 
 -1.248645228339  -0.036782281800   2.000000000000 
 -1.247592363336  -0.049008570165   2.000000000000 
 -1.246239767299  -0.061205337600   2.000000000000 
 -1.244588254982  -0.073365237228   2.000000000000 
 -1.242638821194  -0.085480944380   2.000000000000 
 -1.240392640202  -0.097545161008   2.000000000000 
 -1.237851065019  -0.109550620078   2.000000000000 
 -1.235015626597  -0.121490089952   2.000000000000 
 -1.231888032898  -0.133356378737   2.000000000000 
 -1.228470167866  -0.145142338627   2.000000000000 
 -1.224764090297  -0.156840870199   2.000000000000 
 -1.220772032592  -0.168444926696   2.000000000000 
 -1.216496399417  -0.179947518267   2.000000000000 
 -1.211939766256  -0.191341716183   2.000000000000 
 -1.207104877852  -0.202620657002   2.000000000000 
 -1.201994646562  -0.213777546715   2.000000000000 
 -1.196612150598  -0.224805664827   2.000000000000 
 -1.190960632174  -0.235698368413   2.000000000000 
 -1.185043495554  -0.246449096115   2.000000000000 
 -1.178864305000  -0.257051372097   2.000000000000 
 -1.172426782625  -0.267498809944   2.000000000000 
 -1.165734806151  -0.277785116510   2.000000000000 
 -1.158792406576  -0.287904095709   2.000000000000 
 -1.151603765740  -0.297849652246   2.000000000000 
 -1.144173213813  -0.307615795290   2.000000000000 
 -1.136505226681  -0.317196642082   2.000000000000 
 -1.128604423253  -0.326586421477   2.000000000000 
 -1.120475562677  -0.335779477424   2.000000000000 
 -1.112123541476  -0.344770272369   2.000000000000 
 -1.103553390593  -0.353553390593   2.000000000000 
 -1.094770272369  -0.362123541476   2.000000000000 
 -1.085779477424  -0.370475562677   2.000000000000 
 -1.076586421477  -0.378604423253   2.000000000000 
 -1.067196642082  -0.386505226681   2.000000000000 
 -1.057615795290  -0.394173213813   2.000000000000 
 -1.047849652246  -0.401603765740   2.000000000000 
 -1.037904095709  -0.408792406576   2.000000000000 
 -1.027785116510  -0.415734806151   2.000000000000 
 -1.017498809944  -0.422426782625   2.000000000000 
 -1.007051372097  -0.428864305000   2.000000000000 
 -0.996449096115  -0.435043495554   2.000000000000 
 -0.985698368413  -0.440960632174   2.000000000000 
 -0.974805664827  -0.446612150598   2.000000000000 
 -0.963777546715  -0.451994646562   2.000000000000 
 -0.952620657002  -0.457104877852   2.000000000000 
 -0.941341716183  -0.461939766256   2.000000000000 
 -0.929947518267  -0.466496399417   2.000000000000 
 -0.918444926696  -0.470772032592   2.000000000000 
 -0.906840870199  -0.474764090297   2.000000000000 
 -0.895142338627  -0.478470167866   2.000000000000 
 -0.883356378737  -0.481888032898   2.000000000000 
 -0.871490089952  -0.485015626597   2.000000000000 
 -0.859550620078  -0.487851065019   2.000000000000 
 -0.847545161008  -0.490392640202   2.000000000000 
 -0.835480944380  -0.492638821194   2.000000000000 
 -0.823365237228  -0.494588254982   2.000000000000 
 -0.811205337600  -0.496239767299   2.000000000000 
 -0.799008570165  -0.497592363336   2.000000000000 
 -0.786782281800  -0.498645228339   2.000000000000 
 -0.774533837164  -0.499397728103   2.000000000000 
 -0.762270614261  -0.499849409348   2.000000000000 
 -0.750000000000  -0.500000000000   2.000000000000 
 -0.737729385739  -0.499849409348   2.000000000000 
 -0.725466162836  -0.499397728103   2.000000000000 
 -0.713217718200  -0.498645228339   2.000000000000 
 -0.700991429835  -0.497592363336   2.000000000000 
 -0.688794662400  -0.496239767299   2.000000000000 
 -0.676634762772  -0.494588254982   2.000000000000 
 -0.664519055620  -0.492638821194   2.000000000000 
 -0.652454838992  -0.490392640202   2.000000000000 
 -0.640449379922  -0.487851065019   2.000000000000 
 -0.628509910048  -0.485015626597   2.000000000000 
 -0.616643621263  -0.481888032898   2.000000000000 
 -0.604857661373  -0.478470167866   2.000000000000 
 -0.593159129801  -0.474764090297   2.000000000000 
 -0.581555073304  -0.470772032592   2.000000000000 
 -0.570052481733  -0.466496399417   2.000000000000 
 -0.558658283817  -0.461939766256   2.000000000000 
 -0.547379342998  -0.457104877852   2.000000000000 
 -0.536222453285  -0.451994646562   2.000000000000 
 -0.525194335173  -0.446612150598   2.000000000000 
 -0.514301631587  -0.440960632174   2.000000000000 
 -0.503550903885  -0.435043495554   2.000000000000 
 -0.492948627903  -0.428864305000   2.000000000000 
 -0.482501190056  -0.422426782625   2.000000000000 
 -0.472214883490  -0.415734806151   2.000000000000 
 -0.462095904291  -0.408792406576   2.000000000000 
 -0.452150347754  -0.401603765740   2.000000000000 
 -0.442384204710  -0.394173213813   2.000000000000 
 -0.432803357918  -0.386505226681   2.000000000000 
 -0.423413578523  -0.378604423253   2.000000000000 
 -0.414220522576  -0.370475562677   2.000000000000 
 -0.405229727631  -0.362123541476   2.000000000000 
 -0.396446609407  -0.353553390593   2.000000000000 
 -0.387876458524  -0.344770272369   2.000000000000 
 -0.379524437323  -0.335779477424   2.000000000000 
 -0.371395576747  -0.326586421477   2.000000000000 
 -0.363494773319  -0.317196642082   2.000000000000 
 -0.355826786187  -0.307615795290   2.000000000000 
 -0.348396234260  -0.297849652246   2.000000000000 
 -0.341207593424  -0.287904095709   2.000000000000 
 -0.334265193849  -0.277785116510   2.000000000000 
 -0.327573217375  -0.267498809944   2.000000000000 
 -0.321135695000  -0.257051372097   2.000000000000 
 -0.314956504446  -0.246449096115   2.000000000000 
 -0.309039367826  -0.235698368413   2.000000000000 
 -0.303387849402  -0.224805664827   2.000000000000 
 -0.298005353438  -0.213777546715   2.000000000000 
 -0.292895122148  -0.202620657002   2.000000000000 
 -0.288060233744  -0.191341716183   2.000000000000 
 -0.283503600583  -0.179947518267   2.000000000000 
 -0.279227967408  -0.168444926696   2.000000000000 
 -0.275235909703  -0.156840870199   2.000000000000 
 -0.271529832134  -0.145142338627   2.000000000000 
 -0.268111967102  -0.133356378737   2.000000000000 
 -0.264984373403  -0.121490089952   2.000000000000 
 -0.262148934981  -0.109550620078   2.000000000000 
 -0.259607359798  -0.097545161008   2.000000000000 
 -0.257361178806  -0.085480944380   2.000000000000 
 -0.255411745018  -0.073365237228   2.000000000000 
 -0.253760232701  -0.061205337600   2.000000000000 
 -0.252407636664  -0.049008570165   2.000000000000 
 -0.251354771661  -0.036782281800   2.000000000000 
 -0.250602271897  -0.024533837164   2.000000000000 
 -0.250150590652  -0.012270614261   2.000000000000 
 -0.250000000000  -0.000000000000   2.000000000000 
