&vertexinfo nvertex = 128, ndimension = 3, &end
  0.500000000000   0.000000000000   2.000000000000 
  0.499397728103   0.024533837164   2.000000000000 
  0.497592363336   0.049008570165   2.000000000000 
  0.494588254982   0.073365237228   2.000000000000 
  0.490392640202   0.097545161008   2.000000000000 
  0.485015626597   0.121490089952   2.000000000000 
  0.478470167866   0.145142338627   2.000000000000 
  0.470772032592   0.168444926696   2.000000000000 
  0.461939766256   0.191341716183   2.000000000000 
  0.451994646562   0.213777546715   2.000000000000 
  0.440960632174   0.235698368413   2.000000000000 
  0.428864305000   0.257051372097   2.000000000000 
  0.415734806151   0.277785116510   2.000000000000 
  0.401603765740   0.297849652246   2.000000000000 
  0.386505226681   0.317196642082   2.000000000000 
  0.370475562677   0.335779477424   2.000000000000 
  0.353553390593   0.353553390593   2.000000000000 
  0.335779477424   0.370475562677   2.000000000000 
  0.317196642082   0.386505226681   2.000000000000 
  0.297849652246   0.401603765740   2.000000000000 
  0.277785116510   0.415734806151   2.000000000000 
  0.257051372097   0.428864305000   2.000000000000 
  0.235698368413   0.440960632174   2.000000000000 
  0.213777546715   0.451994646562   2.000000000000 
  0.191341716183   0.461939766256   2.000000000000 
  0.168444926696   0.470772032592   2.000000000000 
  0.145142338627   0.478470167866   2.000000000000 
  0.121490089952   0.485015626597   2.000000000000 
  0.097545161008   0.490392640202   2.000000000000 
  0.073365237228   0.494588254982   2.000000000000 
  0.049008570165   0.497592363336   2.000000000000 
  0.024533837164   0.499397728103   2.000000000000 
  0.000000000000   0.500000000000   2.000000000000 
 -0.024533837164   0.499397728103   2.000000000000 
 -0.049008570165   0.497592363336   2.000000000000 
 -0.073365237228   0.494588254982   2.000000000000 
 -0.097545161008   0.490392640202   2.000000000000 
 -0.121490089952   0.485015626597   2.000000000000 
 -0.145142338627   0.478470167866   2.000000000000 
 -0.168444926696   0.470772032592   2.000000000000 
 -0.191341716183   0.461939766256   2.000000000000 
 -0.213777546715   0.451994646562   2.000000000000 
 -0.235698368413   0.440960632174   2.000000000000 
 -0.257051372097   0.428864305000   2.000000000000 
 -0.277785116510   0.415734806151   2.000000000000 
 -0.297849652246   0.401603765740   2.000000000000 
 -0.317196642082   0.386505226681   2.000000000000 
 -0.335779477424   0.370475562677   2.000000000000 
 -0.353553390593   0.353553390593   2.000000000000 
 -0.370475562677   0.335779477424   2.000000000000 
 -0.386505226681   0.317196642082   2.000000000000 
 -0.401603765740   0.297849652246   2.000000000000 
 -0.415734806151   0.277785116510   2.000000000000 
 -0.428864305000   0.257051372097   2.000000000000 
 -0.440960632174   0.235698368413   2.000000000000 
 -0.451994646562   0.213777546715   2.000000000000 
 -0.461939766256   0.191341716183   2.000000000000 
 -0.470772032592   0.168444926696   2.000000000000 
 -0.478470167866   0.145142338627   2.000000000000 
 -0.485015626597   0.121490089952   2.000000000000 
 -0.490392640202   0.097545161008   2.000000000000 
 -0.494588254982   0.073365237228   2.000000000000 
 -0.497592363336   0.049008570165   2.000000000000 
 -0.499397728103   0.024533837164   2.000000000000 
 -0.500000000000   0.000000000000   2.000000000000 
 -0.499397728103  -0.024533837164   2.000000000000 
 -0.497592363336  -0.049008570165   2.000000000000 
 -0.494588254982  -0.073365237228   2.000000000000 
 -0.490392640202  -0.097545161008   2.000000000000 
 -0.485015626597  -0.121490089952   2.000000000000 
 -0.478470167866  -0.145142338627   2.000000000000 
 -0.470772032592  -0.168444926696   2.000000000000 
 -0.461939766256  -0.191341716183   2.000000000000 
 -0.451994646562  -0.213777546715   2.000000000000 
 -0.440960632174  -0.235698368413   2.000000000000 
 -0.428864305000  -0.257051372097   2.000000000000 
 -0.415734806151  -0.277785116510   2.000000000000 
 -0.401603765740  -0.297849652246   2.000000000000 
 -0.386505226681  -0.317196642082   2.000000000000 
 -0.370475562677  -0.335779477424   2.000000000000 
 -0.353553390593  -0.353553390593   2.000000000000 
 -0.335779477424  -0.370475562677   2.000000000000 
 -0.317196642082  -0.386505226681   2.000000000000 
 -0.297849652246  -0.401603765740   2.000000000000 
 -0.277785116510  -0.415734806151   2.000000000000 
 -0.257051372097  -0.428864305000   2.000000000000 
 -0.235698368413  -0.440960632174   2.000000000000 
 -0.213777546715  -0.451994646562   2.000000000000 
 -0.191341716183  -0.461939766256   2.000000000000 
 -0.168444926696  -0.470772032592   2.000000000000 
 -0.145142338627  -0.478470167866   2.000000000000 
 -0.121490089952  -0.485015626597   2.000000000000 
 -0.097545161008  -0.490392640202   2.000000000000 
 -0.073365237228  -0.494588254982   2.000000000000 
 -0.049008570165  -0.497592363336   2.000000000000 
 -0.024533837164  -0.499397728103   2.000000000000 
 -0.000000000000  -0.500000000000   2.000000000000 
  0.024533837164  -0.499397728103   2.000000000000 
  0.049008570165  -0.497592363336   2.000000000000 
  0.073365237228  -0.494588254982   2.000000000000 
  0.097545161008  -0.490392640202   2.000000000000 
  0.121490089952  -0.485015626597   2.000000000000 
  0.145142338627  -0.478470167866   2.000000000000 
  0.168444926696  -0.470772032592   2.000000000000 
  0.191341716183  -0.461939766256   2.000000000000 
  0.213777546715  -0.451994646562   2.000000000000 
  0.235698368413  -0.440960632174   2.000000000000 
  0.257051372097  -0.428864305000   2.000000000000 
  0.277785116510  -0.415734806151   2.000000000000 
  0.297849652246  -0.401603765740   2.000000000000 
  0.317196642082  -0.386505226681   2.000000000000 
  0.335779477424  -0.370475562677   2.000000000000 
  0.353553390593  -0.353553390593   2.000000000000 
  0.370475562677  -0.335779477424   2.000000000000 
  0.386505226681  -0.317196642082   2.000000000000 
  0.401603765740  -0.297849652246   2.000000000000 
  0.415734806151  -0.277785116510   2.000000000000 
  0.428864305000  -0.257051372097   2.000000000000 
  0.440960632174  -0.235698368413   2.000000000000 
  0.451994646562  -0.213777546715   2.000000000000 
  0.461939766256  -0.191341716183   2.000000000000 
  0.470772032592  -0.168444926696   2.000000000000 
  0.478470167866  -0.145142338627   2.000000000000 
  0.485015626597  -0.121490089952   2.000000000000 
  0.490392640202  -0.097545161008   2.000000000000 
  0.494588254982  -0.073365237228   2.000000000000 
  0.497592363336  -0.049008570165   2.000000000000 
  0.499397728103  -0.024533837164   2.000000000000 
  0.500000000000  -0.000000000000   2.000000000000 
