&vertexinfo nvertex = 128, ndimension = 3, &end
  0.500000000000   0.000000000000   0.000000000000
  0.500000000000   0.031250000000   0.000000000000
  0.500000000000   0.062500000000   0.000000000000
  0.500000000000   0.093750000000   0.000000000000
  0.500000000000   0.125000000000   0.000000000000
  0.500000000000   0.156250000000   0.000000000000
  0.500000000000   0.187500000000   0.000000000000
  0.500000000000   0.218750000000   0.000000000000
  0.500000000000   0.250000000000   0.000000000000
  0.500000000000   0.281250000000   0.000000000000
  0.500000000000   0.312500000000   0.000000000000
  0.500000000000   0.343750000000   0.000000000000
  0.500000000000   0.375000000000   0.000000000000
  0.500000000000   0.406250000000   0.000000000000
  0.500000000000   0.437500000000   0.000000000000
  0.500000000000   0.468750000000   0.000000000000
  0.500000000000   0.500000000000   0.000000000000
  0.468750000000   0.500000000000   0.000000000000
  0.437500000000   0.500000000000   0.000000000000
  0.406250000000   0.500000000000   0.000000000000
  0.375000000000   0.500000000000   0.000000000000
  0.343750000000   0.500000000000   0.000000000000
  0.312500000000   0.500000000000   0.000000000000
  0.281250000000   0.500000000000   0.000000000000
  0.250000000000   0.500000000000   0.000000000000
  0.218750000000   0.500000000000   0.000000000000
  0.187500000000   0.500000000000   0.000000000000
  0.156250000000   0.500000000000   0.000000000000
  0.125000000000   0.500000000000   0.000000000000
  0.093750000000   0.500000000000   0.000000000000
  0.062500000000   0.500000000000   0.000000000000
  0.031250000000   0.500000000000   0.000000000000
  0.000000000000   0.500000000000   0.000000000000
 -0.031250000000   0.500000000000   0.000000000000
 -0.062500000000   0.500000000000   0.000000000000
 -0.093750000000   0.500000000000   0.000000000000
 -0.125000000000   0.500000000000   0.000000000000
 -0.156250000000   0.500000000000   0.000000000000
 -0.187500000000   0.500000000000   0.000000000000
 -0.218750000000   0.500000000000   0.000000000000
 -0.250000000000   0.500000000000   0.000000000000
 -0.281250000000   0.500000000000   0.000000000000
 -0.312500000000   0.500000000000   0.000000000000
 -0.343750000000   0.500000000000   0.000000000000
 -0.375000000000   0.500000000000   0.000000000000
 -0.406250000000   0.500000000000   0.000000000000
 -0.437500000000   0.500000000000   0.000000000000
 -0.468750000000   0.500000000000   0.000000000000
 -0.500000000000   0.500000000000   0.000000000000
 -0.500000000000   0.468750000000   0.000000000000
 -0.500000000000   0.437500000000   0.000000000000
 -0.500000000000   0.406250000000   0.000000000000
 -0.500000000000   0.375000000000   0.000000000000
 -0.500000000000   0.343750000000   0.000000000000
 -0.500000000000   0.312500000000   0.000000000000
 -0.500000000000   0.281250000000   0.000000000000
 -0.500000000000   0.250000000000   0.000000000000
 -0.500000000000   0.218750000000   0.000000000000
 -0.500000000000   0.187500000000   0.000000000000
 -0.500000000000   0.156250000000   0.000000000000
 -0.500000000000   0.125000000000   0.000000000000
 -0.500000000000   0.093750000000   0.000000000000
 -0.500000000000   0.062500000000   0.000000000000
 -0.500000000000   0.031250000000   0.000000000000
 -0.500000000000   0.000000000000   0.000000000000
 -0.500000000000  -0.031250000000   0.000000000000
 -0.500000000000  -0.062500000000   0.000000000000
 -0.500000000000  -0.093750000000   0.000000000000
 -0.500000000000  -0.125000000000   0.000000000000
 -0.500000000000  -0.156250000000   0.000000000000
 -0.500000000000  -0.187500000000   0.000000000000
 -0.500000000000  -0.218750000000   0.000000000000
 -0.500000000000  -0.250000000000   0.000000000000
 -0.500000000000  -0.281250000000   0.000000000000
 -0.500000000000  -0.312500000000   0.000000000000
 -0.500000000000  -0.343750000000   0.000000000000
 -0.500000000000  -0.375000000000   0.000000000000
 -0.500000000000  -0.406250000000   0.000000000000
 -0.500000000000  -0.437500000000   0.000000000000
 -0.500000000000  -0.468750000000   0.000000000000
 -0.500000000000  -0.500000000000   0.000000000000
 -0.468750000000  -0.500000000000   0.000000000000
 -0.437500000000  -0.500000000000   0.000000000000
 -0.406250000000  -0.500000000000   0.000000000000
 -0.375000000000  -0.500000000000   0.000000000000
 -0.343750000000  -0.500000000000   0.000000000000
 -0.312500000000  -0.500000000000   0.000000000000
 -0.281250000000  -0.500000000000   0.000000000000
 -0.250000000000  -0.500000000000   0.000000000000
 -0.218750000000  -0.500000000000   0.000000000000
 -0.187500000000  -0.500000000000   0.000000000000
 -0.156250000000  -0.500000000000   0.000000000000
 -0.125000000000  -0.500000000000   0.000000000000
 -0.093750000000  -0.500000000000   0.000000000000
 -0.062500000000  -0.500000000000   0.000000000000
 -0.031250000000  -0.500000000000   0.000000000000
  0.000000000000  -0.500000000000   0.000000000000
  0.031250000000  -0.500000000000   0.000000000000
  0.062500000000  -0.500000000000   0.000000000000
  0.093750000000  -0.500000000000   0.000000000000
  0.125000000000  -0.500000000000   0.000000000000
  0.156250000000  -0.500000000000   0.000000000000
  0.187500000000  -0.500000000000   0.000000000000
  0.218750000000  -0.500000000000   0.000000000000
  0.250000000000  -0.500000000000   0.000000000000
  0.281250000000  -0.500000000000   0.000000000000
  0.312500000000  -0.500000000000   0.000000000000
  0.343750000000  -0.500000000000   0.000000000000
  0.375000000000  -0.500000000000   0.000000000000
  0.406250000000  -0.500000000000   0.000000000000
  0.437500000000  -0.500000000000   0.000000000000
  0.468750000000  -0.500000000000   0.000000000000
  0.500000000000  -0.500000000000   0.000000000000
  0.500000000000  -0.468750000000   0.000000000000
  0.500000000000  -0.437500000000   0.000000000000
  0.500000000000  -0.406250000000   0.000000000000
  0.500000000000  -0.375000000000   0.000000000000
  0.500000000000  -0.343750000000   0.000000000000
  0.500000000000  -0.312500000000   0.000000000000
  0.500000000000  -0.281250000000   0.000000000000
  0.500000000000  -0.250000000000   0.000000000000
  0.500000000000  -0.218750000000   0.000000000000
  0.500000000000  -0.187500000000   0.000000000000
  0.500000000000  -0.156250000000   0.000000000000
  0.500000000000  -0.125000000000   0.000000000000
  0.500000000000  -0.093750000000   0.000000000000
  0.500000000000  -0.062500000000   0.000000000000
  0.500000000000  -0.031250000000   0.000000000000
  0.500000000000   0.000000000000   0.000000000000
