&vertexinfo nvertex = 40, ndimension = 3, &end
  0.500000000000   0.000000000000   2.000000000000
  0.493844170298   0.078217232520   2.000000000000
  0.475528258148   0.154508497187   2.000000000000
  0.445503262094   0.226995249870   2.000000000000
  0.404508497187   0.293892626146   2.000000000000
  0.353553390593   0.353553390593   2.000000000000
  0.293892626146   0.404508497187   2.000000000000
  0.226995249870   0.445503262094   2.000000000000
  0.154508497187   0.475528258148   2.000000000000
  0.078217232520   0.493844170298   2.000000000000
  0.000000000000   0.500000000000   2.000000000000
 -0.078217232520   0.493844170298   2.000000000000
 -0.154508497187   0.475528258148   2.000000000000
 -0.226995249870   0.445503262094   2.000000000000
 -0.293892626146   0.404508497187   2.000000000000
 -0.353553390593   0.353553390593   2.000000000000
 -0.404508497187   0.293892626146   2.000000000000
 -0.445503262094   0.226995249870   2.000000000000
 -0.475528258148   0.154508497187   2.000000000000
 -0.493844170298   0.078217232520   2.000000000000
 -0.500000000000   0.000000000000   2.000000000000
 -0.493844170298  -0.078217232520   2.000000000000
 -0.475528258148  -0.154508497187   2.000000000000
 -0.445503262094  -0.226995249870   2.000000000000
 -0.404508497187  -0.293892626146   2.000000000000
 -0.353553390593  -0.353553390593   2.000000000000
 -0.293892626146  -0.404508497187   2.000000000000
 -0.226995249870  -0.445503262094   2.000000000000
 -0.154508497187  -0.475528258148   2.000000000000
 -0.078217232520  -0.493844170298   2.000000000000
 -0.000000000000  -0.500000000000   2.000000000000
  0.078217232520  -0.493844170298   2.000000000000
  0.154508497187  -0.475528258148   2.000000000000
  0.226995249870  -0.445503262094   2.000000000000
  0.293892626146  -0.404508497187   2.000000000000
  0.353553390593  -0.353553390593   2.000000000000
  0.404508497187  -0.293892626146   2.000000000000
  0.445503262094  -0.226995249870   2.000000000000
  0.475528258148  -0.154508497187   2.000000000000
  0.493844170298  -0.078217232520   2.000000000000
  0.500000000000  -0.000000000000   2.000000000000
