&vertexinfo nvertex = 512, ndimension = 3, &end
  0.500000000000   0.000000000000   2.000000000000 
  0.499962350920   0.006135769143   2.000000000000 
  0.499849409348   0.012270614261   2.000000000000 
  0.499661192294   0.018403611471   2.000000000000 
  0.499397728103   0.024533837164   2.000000000000 
  0.499059056450   0.030660368151   2.000000000000 
  0.498645228339   0.036782281800   2.000000000000 
  0.498156306091   0.042898656172   2.000000000000 
  0.497592363336   0.049008570165   2.000000000000 
  0.496953485001   0.055111103647   2.000000000000 
  0.496239767299   0.061205337600   2.000000000000 
  0.495451317714   0.067290354254   2.000000000000 
  0.494588254982   0.073365237228   2.000000000000 
  0.493650709079   0.079429071667   2.000000000000 
  0.492638821194   0.085480944380   2.000000000000 
  0.491552743716   0.091519943978   2.000000000000 
  0.490392640202   0.097545161008   2.000000000000 
  0.489158685360   0.103555688096   2.000000000000 
  0.487851065019   0.109550620078   2.000000000000 
  0.486469976103   0.115529054140   2.000000000000 
  0.485015626597   0.121490089952   2.000000000000 
  0.483488235522   0.127432829802   2.000000000000 
  0.481888032898   0.133356378737   2.000000000000 
  0.480215259708   0.139259844693   2.000000000000 
  0.478470167866   0.145142338627   2.000000000000 
  0.476653020177   0.151002974660   2.000000000000 
  0.474764090297   0.156840870199   2.000000000000 
  0.472803662690   0.162655146081   2.000000000000 
  0.470772032592   0.168444926696   2.000000000000 
  0.468669505956   0.174209340125   2.000000000000 
  0.466496399417   0.179947518267   2.000000000000 
  0.464253040237   0.185658596976   2.000000000000 
  0.461939766256   0.191341716183   2.000000000000 
  0.459556925845   0.196996020031   2.000000000000 
  0.457104877852   0.202620657002   2.000000000000 
  0.454583991545   0.208214780049   2.000000000000 
  0.451994646562   0.213777546715   2.000000000000 
  0.449337232847   0.219308119269   2.000000000000 
  0.446612150598   0.224805664827   2.000000000000 
  0.443819810201   0.230269355479   2.000000000000 
  0.440960632174   0.235698368413   2.000000000000 
  0.438035047098   0.241091886040   2.000000000000 
  0.435043495554   0.246449096115   2.000000000000 
  0.431986428061   0.251769191863   2.000000000000 
  0.428864305000   0.257051372097   2.000000000000 
  0.425677596553   0.262294841339   2.000000000000 
  0.422426782625   0.267498809944   2.000000000000 
  0.419112352777   0.272662494211   2.000000000000 
  0.415734806151   0.277785116510   2.000000000000 
  0.412294651393   0.282865905392   2.000000000000 
  0.408792406576   0.287904095709   2.000000000000 
  0.405228599126   0.292898928728   2.000000000000 
  0.401603765740   0.297849652246   2.000000000000 
  0.397918452304   0.302755520702   2.000000000000 
  0.394173213813   0.307615795290   2.000000000000 
  0.390368614286   0.312429744071   2.000000000000 
  0.386505226681   0.317196642082   2.000000000000 
  0.382583632811   0.321915771445   2.000000000000 
  0.378604423253   0.326586421477   2.000000000000 
  0.374568197262   0.331207888795   2.000000000000 
  0.370475562677   0.335779477424   2.000000000000 
  0.366327135836   0.340300498898   2.000000000000 
  0.362123541476   0.344770272369   2.000000000000 
  0.357865412642   0.349188124704   2.000000000000 
  0.353553390593   0.353553390593   2.000000000000 
  0.349188124704   0.357865412642   2.000000000000 
  0.344770272369   0.362123541476   2.000000000000 
  0.340300498898   0.366327135836   2.000000000000 
  0.335779477424   0.370475562677   2.000000000000 
  0.331207888795   0.374568197262   2.000000000000 
  0.326586421477   0.378604423253   2.000000000000 
  0.321915771445   0.382583632811   2.000000000000 
  0.317196642082   0.386505226681   2.000000000000 
  0.312429744071   0.390368614286   2.000000000000 
  0.307615795290   0.394173213813   2.000000000000 
  0.302755520702   0.397918452304   2.000000000000 
  0.297849652246   0.401603765740   2.000000000000 
  0.292898928728   0.405228599126   2.000000000000 
  0.287904095709   0.408792406576   2.000000000000 
  0.282865905392   0.412294651393   2.000000000000 
  0.277785116510   0.415734806151   2.000000000000 
  0.272662494211   0.419112352777   2.000000000000 
  0.267498809944   0.422426782625   2.000000000000 
  0.262294841339   0.425677596553   2.000000000000 
  0.257051372097   0.428864305000   2.000000000000 
  0.251769191863   0.431986428061   2.000000000000 
  0.246449096115   0.435043495554   2.000000000000 
  0.241091886040   0.438035047098   2.000000000000 
  0.235698368413   0.440960632174   2.000000000000 
  0.230269355479   0.443819810201   2.000000000000 
  0.224805664827   0.446612150598   2.000000000000 
  0.219308119269   0.449337232847   2.000000000000 
  0.213777546715   0.451994646562   2.000000000000 
  0.208214780049   0.454583991545   2.000000000000 
  0.202620657002   0.457104877852   2.000000000000 
  0.196996020031   0.459556925845   2.000000000000 
  0.191341716183   0.461939766256   2.000000000000 
  0.185658596976   0.464253040237   2.000000000000 
  0.179947518267   0.466496399417   2.000000000000 
  0.174209340125   0.468669505956   2.000000000000 
  0.168444926696   0.470772032592   2.000000000000 
  0.162655146081   0.472803662690   2.000000000000 
  0.156840870199   0.474764090297   2.000000000000 
  0.151002974660   0.476653020177   2.000000000000 
  0.145142338627   0.478470167866   2.000000000000 
  0.139259844693   0.480215259708   2.000000000000 
  0.133356378737   0.481888032898   2.000000000000 
  0.127432829802   0.483488235522   2.000000000000 
  0.121490089952   0.485015626597   2.000000000000 
  0.115529054140   0.486469976103   2.000000000000 
  0.109550620078   0.487851065019   2.000000000000 
  0.103555688096   0.489158685360   2.000000000000 
  0.097545161008   0.490392640202   2.000000000000 
  0.091519943978   0.491552743716   2.000000000000 
  0.085480944380   0.492638821194   2.000000000000 
  0.079429071667   0.493650709079   2.000000000000 
  0.073365237228   0.494588254982   2.000000000000 
  0.067290354254   0.495451317714   2.000000000000 
  0.061205337600   0.496239767299   2.000000000000 
  0.055111103647   0.496953485001   2.000000000000 
  0.049008570165   0.497592363336   2.000000000000 
  0.042898656172   0.498156306091   2.000000000000 
  0.036782281800   0.498645228339   2.000000000000 
  0.030660368151   0.499059056450   2.000000000000 
  0.024533837164   0.499397728103   2.000000000000 
  0.018403611471   0.499661192294   2.000000000000 
  0.012270614261   0.499849409348   2.000000000000 
  0.006135769143   0.499962350920   2.000000000000 
  0.000000000000   0.500000000000   2.000000000000 
 -0.006135769143   0.499962350920   2.000000000000 
 -0.012270614261   0.499849409348   2.000000000000 
 -0.018403611471   0.499661192294   2.000000000000 
 -0.024533837164   0.499397728103   2.000000000000 
 -0.030660368151   0.499059056450   2.000000000000 
 -0.036782281800   0.498645228339   2.000000000000 
 -0.042898656172   0.498156306091   2.000000000000 
 -0.049008570165   0.497592363336   2.000000000000 
 -0.055111103647   0.496953485001   2.000000000000 
 -0.061205337600   0.496239767299   2.000000000000 
 -0.067290354254   0.495451317714   2.000000000000 
 -0.073365237228   0.494588254982   2.000000000000 
 -0.079429071667   0.493650709079   2.000000000000 
 -0.085480944380   0.492638821194   2.000000000000 
 -0.091519943978   0.491552743716   2.000000000000 
 -0.097545161008   0.490392640202   2.000000000000 
 -0.103555688096   0.489158685360   2.000000000000 
 -0.109550620078   0.487851065019   2.000000000000 
 -0.115529054140   0.486469976103   2.000000000000 
 -0.121490089952   0.485015626597   2.000000000000 
 -0.127432829802   0.483488235522   2.000000000000 
 -0.133356378737   0.481888032898   2.000000000000 
 -0.139259844693   0.480215259708   2.000000000000 
 -0.145142338627   0.478470167866   2.000000000000 
 -0.151002974660   0.476653020177   2.000000000000 
 -0.156840870199   0.474764090297   2.000000000000 
 -0.162655146081   0.472803662690   2.000000000000 
 -0.168444926696   0.470772032592   2.000000000000 
 -0.174209340125   0.468669505956   2.000000000000 
 -0.179947518267   0.466496399417   2.000000000000 
 -0.185658596976   0.464253040237   2.000000000000 
 -0.191341716183   0.461939766256   2.000000000000 
 -0.196996020031   0.459556925845   2.000000000000 
 -0.202620657002   0.457104877852   2.000000000000 
 -0.208214780049   0.454583991545   2.000000000000 
 -0.213777546715   0.451994646562   2.000000000000 
 -0.219308119269   0.449337232847   2.000000000000 
 -0.224805664827   0.446612150598   2.000000000000 
 -0.230269355479   0.443819810201   2.000000000000 
 -0.235698368413   0.440960632174   2.000000000000 
 -0.241091886040   0.438035047098   2.000000000000 
 -0.246449096115   0.435043495554   2.000000000000 
 -0.251769191863   0.431986428061   2.000000000000 
 -0.257051372097   0.428864305000   2.000000000000 
 -0.262294841339   0.425677596553   2.000000000000 
 -0.267498809944   0.422426782625   2.000000000000 
 -0.272662494211   0.419112352777   2.000000000000 
 -0.277785116510   0.415734806151   2.000000000000 
 -0.282865905392   0.412294651393   2.000000000000 
 -0.287904095709   0.408792406576   2.000000000000 
 -0.292898928728   0.405228599126   2.000000000000 
 -0.297849652246   0.401603765740   2.000000000000 
 -0.302755520702   0.397918452304   2.000000000000 
 -0.307615795290   0.394173213813   2.000000000000 
 -0.312429744071   0.390368614286   2.000000000000 
 -0.317196642082   0.386505226681   2.000000000000 
 -0.321915771445   0.382583632811   2.000000000000 
 -0.326586421477   0.378604423253   2.000000000000 
 -0.331207888795   0.374568197262   2.000000000000 
 -0.335779477424   0.370475562677   2.000000000000 
 -0.340300498898   0.366327135836   2.000000000000 
 -0.344770272369   0.362123541476   2.000000000000 
 -0.349188124704   0.357865412642   2.000000000000 
 -0.353553390593   0.353553390593   2.000000000000 
 -0.357865412642   0.349188124704   2.000000000000 
 -0.362123541476   0.344770272369   2.000000000000 
 -0.366327135836   0.340300498898   2.000000000000 
 -0.370475562677   0.335779477424   2.000000000000 
 -0.374568197262   0.331207888795   2.000000000000 
 -0.378604423253   0.326586421477   2.000000000000 
 -0.382583632811   0.321915771445   2.000000000000 
 -0.386505226681   0.317196642082   2.000000000000 
 -0.390368614286   0.312429744071   2.000000000000 
 -0.394173213813   0.307615795290   2.000000000000 
 -0.397918452304   0.302755520702   2.000000000000 
 -0.401603765740   0.297849652246   2.000000000000 
 -0.405228599126   0.292898928728   2.000000000000 
 -0.408792406576   0.287904095709   2.000000000000 
 -0.412294651393   0.282865905392   2.000000000000 
 -0.415734806151   0.277785116510   2.000000000000 
 -0.419112352777   0.272662494211   2.000000000000 
 -0.422426782625   0.267498809944   2.000000000000 
 -0.425677596553   0.262294841339   2.000000000000 
 -0.428864305000   0.257051372097   2.000000000000 
 -0.431986428061   0.251769191863   2.000000000000 
 -0.435043495554   0.246449096115   2.000000000000 
 -0.438035047098   0.241091886040   2.000000000000 
 -0.440960632174   0.235698368413   2.000000000000 
 -0.443819810201   0.230269355479   2.000000000000 
 -0.446612150598   0.224805664827   2.000000000000 
 -0.449337232847   0.219308119269   2.000000000000 
 -0.451994646562   0.213777546715   2.000000000000 
 -0.454583991545   0.208214780049   2.000000000000 
 -0.457104877852   0.202620657002   2.000000000000 
 -0.459556925845   0.196996020031   2.000000000000 
 -0.461939766256   0.191341716183   2.000000000000 
 -0.464253040237   0.185658596976   2.000000000000 
 -0.466496399417   0.179947518267   2.000000000000 
 -0.468669505956   0.174209340125   2.000000000000 
 -0.470772032592   0.168444926696   2.000000000000 
 -0.472803662690   0.162655146081   2.000000000000 
 -0.474764090297   0.156840870199   2.000000000000 
 -0.476653020177   0.151002974660   2.000000000000 
 -0.478470167866   0.145142338627   2.000000000000 
 -0.480215259708   0.139259844693   2.000000000000 
 -0.481888032898   0.133356378737   2.000000000000 
 -0.483488235522   0.127432829802   2.000000000000 
 -0.485015626597   0.121490089952   2.000000000000 
 -0.486469976103   0.115529054140   2.000000000000 
 -0.487851065019   0.109550620078   2.000000000000 
 -0.489158685360   0.103555688096   2.000000000000 
 -0.490392640202   0.097545161008   2.000000000000 
 -0.491552743716   0.091519943978   2.000000000000 
 -0.492638821194   0.085480944380   2.000000000000 
 -0.493650709079   0.079429071667   2.000000000000 
 -0.494588254982   0.073365237228   2.000000000000 
 -0.495451317714   0.067290354254   2.000000000000 
 -0.496239767299   0.061205337600   2.000000000000 
 -0.496953485001   0.055111103647   2.000000000000 
 -0.497592363336   0.049008570165   2.000000000000 
 -0.498156306091   0.042898656172   2.000000000000 
 -0.498645228339   0.036782281800   2.000000000000 
 -0.499059056450   0.030660368151   2.000000000000 
 -0.499397728103   0.024533837164   2.000000000000 
 -0.499661192294   0.018403611471   2.000000000000 
 -0.499849409348   0.012270614261   2.000000000000 
 -0.499962350920   0.006135769143   2.000000000000 
 -0.500000000000   0.000000000000   2.000000000000 
 -0.499962350920  -0.006135769143   2.000000000000 
 -0.499849409348  -0.012270614261   2.000000000000 
 -0.499661192294  -0.018403611471   2.000000000000 
 -0.499397728103  -0.024533837164   2.000000000000 
 -0.499059056450  -0.030660368151   2.000000000000 
 -0.498645228339  -0.036782281800   2.000000000000 
 -0.498156306091  -0.042898656172   2.000000000000 
 -0.497592363336  -0.049008570165   2.000000000000 
 -0.496953485001  -0.055111103647   2.000000000000 
 -0.496239767299  -0.061205337600   2.000000000000 
 -0.495451317714  -0.067290354254   2.000000000000 
 -0.494588254982  -0.073365237228   2.000000000000 
 -0.493650709079  -0.079429071667   2.000000000000 
 -0.492638821194  -0.085480944380   2.000000000000 
 -0.491552743716  -0.091519943978   2.000000000000 
 -0.490392640202  -0.097545161008   2.000000000000 
 -0.489158685360  -0.103555688096   2.000000000000 
 -0.487851065019  -0.109550620078   2.000000000000 
 -0.486469976103  -0.115529054140   2.000000000000 
 -0.485015626597  -0.121490089952   2.000000000000 
 -0.483488235522  -0.127432829802   2.000000000000 
 -0.481888032898  -0.133356378737   2.000000000000 
 -0.480215259708  -0.139259844693   2.000000000000 
 -0.478470167866  -0.145142338627   2.000000000000 
 -0.476653020177  -0.151002974660   2.000000000000 
 -0.474764090297  -0.156840870199   2.000000000000 
 -0.472803662690  -0.162655146081   2.000000000000 
 -0.470772032592  -0.168444926696   2.000000000000 
 -0.468669505956  -0.174209340125   2.000000000000 
 -0.466496399417  -0.179947518267   2.000000000000 
 -0.464253040237  -0.185658596976   2.000000000000 
 -0.461939766256  -0.191341716183   2.000000000000 
 -0.459556925845  -0.196996020031   2.000000000000 
 -0.457104877852  -0.202620657002   2.000000000000 
 -0.454583991545  -0.208214780049   2.000000000000 
 -0.451994646562  -0.213777546715   2.000000000000 
 -0.449337232847  -0.219308119269   2.000000000000 
 -0.446612150598  -0.224805664827   2.000000000000 
 -0.443819810201  -0.230269355479   2.000000000000 
 -0.440960632174  -0.235698368413   2.000000000000 
 -0.438035047098  -0.241091886040   2.000000000000 
 -0.435043495554  -0.246449096115   2.000000000000 
 -0.431986428061  -0.251769191863   2.000000000000 
 -0.428864305000  -0.257051372097   2.000000000000 
 -0.425677596553  -0.262294841339   2.000000000000 
 -0.422426782625  -0.267498809944   2.000000000000 
 -0.419112352777  -0.272662494211   2.000000000000 
 -0.415734806151  -0.277785116510   2.000000000000 
 -0.412294651393  -0.282865905392   2.000000000000 
 -0.408792406576  -0.287904095709   2.000000000000 
 -0.405228599126  -0.292898928728   2.000000000000 
 -0.401603765740  -0.297849652246   2.000000000000 
 -0.397918452304  -0.302755520702   2.000000000000 
 -0.394173213813  -0.307615795290   2.000000000000 
 -0.390368614286  -0.312429744071   2.000000000000 
 -0.386505226681  -0.317196642082   2.000000000000 
 -0.382583632811  -0.321915771445   2.000000000000 
 -0.378604423253  -0.326586421477   2.000000000000 
 -0.374568197262  -0.331207888795   2.000000000000 
 -0.370475562677  -0.335779477424   2.000000000000 
 -0.366327135836  -0.340300498898   2.000000000000 
 -0.362123541476  -0.344770272369   2.000000000000 
 -0.357865412642  -0.349188124704   2.000000000000 
 -0.353553390593  -0.353553390593   2.000000000000 
 -0.349188124704  -0.357865412642   2.000000000000 
 -0.344770272369  -0.362123541476   2.000000000000 
 -0.340300498898  -0.366327135836   2.000000000000 
 -0.335779477424  -0.370475562677   2.000000000000 
 -0.331207888795  -0.374568197262   2.000000000000 
 -0.326586421477  -0.378604423253   2.000000000000 
 -0.321915771445  -0.382583632811   2.000000000000 
 -0.317196642082  -0.386505226681   2.000000000000 
 -0.312429744071  -0.390368614286   2.000000000000 
 -0.307615795290  -0.394173213813   2.000000000000 
 -0.302755520702  -0.397918452304   2.000000000000 
 -0.297849652246  -0.401603765740   2.000000000000 
 -0.292898928728  -0.405228599126   2.000000000000 
 -0.287904095709  -0.408792406576   2.000000000000 
 -0.282865905392  -0.412294651393   2.000000000000 
 -0.277785116510  -0.415734806151   2.000000000000 
 -0.272662494211  -0.419112352777   2.000000000000 
 -0.267498809944  -0.422426782625   2.000000000000 
 -0.262294841339  -0.425677596553   2.000000000000 
 -0.257051372097  -0.428864305000   2.000000000000 
 -0.251769191863  -0.431986428061   2.000000000000 
 -0.246449096115  -0.435043495554   2.000000000000 
 -0.241091886040  -0.438035047098   2.000000000000 
 -0.235698368413  -0.440960632174   2.000000000000 
 -0.230269355479  -0.443819810201   2.000000000000 
 -0.224805664827  -0.446612150598   2.000000000000 
 -0.219308119269  -0.449337232847   2.000000000000 
 -0.213777546715  -0.451994646562   2.000000000000 
 -0.208214780049  -0.454583991545   2.000000000000 
 -0.202620657002  -0.457104877852   2.000000000000 
 -0.196996020031  -0.459556925845   2.000000000000 
 -0.191341716183  -0.461939766256   2.000000000000 
 -0.185658596976  -0.464253040237   2.000000000000 
 -0.179947518267  -0.466496399417   2.000000000000 
 -0.174209340125  -0.468669505956   2.000000000000 
 -0.168444926696  -0.470772032592   2.000000000000 
 -0.162655146081  -0.472803662690   2.000000000000 
 -0.156840870199  -0.474764090297   2.000000000000 
 -0.151002974660  -0.476653020177   2.000000000000 
 -0.145142338627  -0.478470167866   2.000000000000 
 -0.139259844693  -0.480215259708   2.000000000000 
 -0.133356378737  -0.481888032898   2.000000000000 
 -0.127432829802  -0.483488235522   2.000000000000 
 -0.121490089952  -0.485015626597   2.000000000000 
 -0.115529054140  -0.486469976103   2.000000000000 
 -0.109550620078  -0.487851065019   2.000000000000 
 -0.103555688096  -0.489158685360   2.000000000000 
 -0.097545161008  -0.490392640202   2.000000000000 
 -0.091519943978  -0.491552743716   2.000000000000 
 -0.085480944380  -0.492638821194   2.000000000000 
 -0.079429071667  -0.493650709079   2.000000000000 
 -0.073365237228  -0.494588254982   2.000000000000 
 -0.067290354254  -0.495451317714   2.000000000000 
 -0.061205337600  -0.496239767299   2.000000000000 
 -0.055111103647  -0.496953485001   2.000000000000 
 -0.049008570165  -0.497592363336   2.000000000000 
 -0.042898656172  -0.498156306091   2.000000000000 
 -0.036782281800  -0.498645228339   2.000000000000 
 -0.030660368151  -0.499059056450   2.000000000000 
 -0.024533837164  -0.499397728103   2.000000000000 
 -0.018403611471  -0.499661192294   2.000000000000 
 -0.012270614261  -0.499849409348   2.000000000000 
 -0.006135769143  -0.499962350920   2.000000000000 
 -0.000000000000  -0.500000000000   2.000000000000 
  0.006135769143  -0.499962350920   2.000000000000 
  0.012270614261  -0.499849409348   2.000000000000 
  0.018403611471  -0.499661192294   2.000000000000 
  0.024533837164  -0.499397728103   2.000000000000 
  0.030660368151  -0.499059056450   2.000000000000 
  0.036782281800  -0.498645228339   2.000000000000 
  0.042898656172  -0.498156306091   2.000000000000 
  0.049008570165  -0.497592363336   2.000000000000 
  0.055111103647  -0.496953485001   2.000000000000 
  0.061205337600  -0.496239767299   2.000000000000 
  0.067290354254  -0.495451317714   2.000000000000 
  0.073365237228  -0.494588254982   2.000000000000 
  0.079429071667  -0.493650709079   2.000000000000 
  0.085480944380  -0.492638821194   2.000000000000 
  0.091519943978  -0.491552743716   2.000000000000 
  0.097545161008  -0.490392640202   2.000000000000 
  0.103555688096  -0.489158685360   2.000000000000 
  0.109550620078  -0.487851065019   2.000000000000 
  0.115529054140  -0.486469976103   2.000000000000 
  0.121490089952  -0.485015626597   2.000000000000 
  0.127432829802  -0.483488235522   2.000000000000 
  0.133356378737  -0.481888032898   2.000000000000 
  0.139259844693  -0.480215259708   2.000000000000 
  0.145142338627  -0.478470167866   2.000000000000 
  0.151002974660  -0.476653020177   2.000000000000 
  0.156840870199  -0.474764090297   2.000000000000 
  0.162655146081  -0.472803662690   2.000000000000 
  0.168444926696  -0.470772032592   2.000000000000 
  0.174209340125  -0.468669505956   2.000000000000 
  0.179947518267  -0.466496399417   2.000000000000 
  0.185658596976  -0.464253040237   2.000000000000 
  0.191341716183  -0.461939766256   2.000000000000 
  0.196996020031  -0.459556925845   2.000000000000 
  0.202620657002  -0.457104877852   2.000000000000 
  0.208214780049  -0.454583991545   2.000000000000 
  0.213777546715  -0.451994646562   2.000000000000 
  0.219308119269  -0.449337232847   2.000000000000 
  0.224805664827  -0.446612150598   2.000000000000 
  0.230269355479  -0.443819810201   2.000000000000 
  0.235698368413  -0.440960632174   2.000000000000 
  0.241091886040  -0.438035047098   2.000000000000 
  0.246449096115  -0.435043495554   2.000000000000 
  0.251769191863  -0.431986428061   2.000000000000 
  0.257051372097  -0.428864305000   2.000000000000 
  0.262294841339  -0.425677596553   2.000000000000 
  0.267498809944  -0.422426782625   2.000000000000 
  0.272662494211  -0.419112352777   2.000000000000 
  0.277785116510  -0.415734806151   2.000000000000 
  0.282865905392  -0.412294651393   2.000000000000 
  0.287904095709  -0.408792406576   2.000000000000 
  0.292898928728  -0.405228599126   2.000000000000 
  0.297849652246  -0.401603765740   2.000000000000 
  0.302755520702  -0.397918452304   2.000000000000 
  0.307615795290  -0.394173213813   2.000000000000 
  0.312429744071  -0.390368614286   2.000000000000 
  0.317196642082  -0.386505226681   2.000000000000 
  0.321915771445  -0.382583632811   2.000000000000 
  0.326586421477  -0.378604423253   2.000000000000 
  0.331207888795  -0.374568197262   2.000000000000 
  0.335779477424  -0.370475562677   2.000000000000 
  0.340300498898  -0.366327135836   2.000000000000 
  0.344770272369  -0.362123541476   2.000000000000 
  0.349188124704  -0.357865412642   2.000000000000 
  0.353553390593  -0.353553390593   2.000000000000 
  0.357865412642  -0.349188124704   2.000000000000 
  0.362123541476  -0.344770272369   2.000000000000 
  0.366327135836  -0.340300498898   2.000000000000 
  0.370475562677  -0.335779477424   2.000000000000 
  0.374568197262  -0.331207888795   2.000000000000 
  0.378604423253  -0.326586421477   2.000000000000 
  0.382583632811  -0.321915771445   2.000000000000 
  0.386505226681  -0.317196642082   2.000000000000 
  0.390368614286  -0.312429744071   2.000000000000 
  0.394173213813  -0.307615795290   2.000000000000 
  0.397918452304  -0.302755520702   2.000000000000 
  0.401603765740  -0.297849652246   2.000000000000 
  0.405228599126  -0.292898928728   2.000000000000 
  0.408792406576  -0.287904095709   2.000000000000 
  0.412294651393  -0.282865905392   2.000000000000 
  0.415734806151  -0.277785116510   2.000000000000 
  0.419112352777  -0.272662494211   2.000000000000 
  0.422426782625  -0.267498809944   2.000000000000 
  0.425677596553  -0.262294841339   2.000000000000 
  0.428864305000  -0.257051372097   2.000000000000 
  0.431986428061  -0.251769191863   2.000000000000 
  0.435043495554  -0.246449096115   2.000000000000 
  0.438035047098  -0.241091886040   2.000000000000 
  0.440960632174  -0.235698368413   2.000000000000 
  0.443819810201  -0.230269355479   2.000000000000 
  0.446612150598  -0.224805664827   2.000000000000 
  0.449337232847  -0.219308119269   2.000000000000 
  0.451994646562  -0.213777546715   2.000000000000 
  0.454583991545  -0.208214780049   2.000000000000 
  0.457104877852  -0.202620657002   2.000000000000 
  0.459556925845  -0.196996020031   2.000000000000 
  0.461939766256  -0.191341716183   2.000000000000 
  0.464253040237  -0.185658596976   2.000000000000 
  0.466496399417  -0.179947518267   2.000000000000 
  0.468669505956  -0.174209340125   2.000000000000 
  0.470772032592  -0.168444926696   2.000000000000 
  0.472803662690  -0.162655146081   2.000000000000 
  0.474764090297  -0.156840870199   2.000000000000 
  0.476653020177  -0.151002974660   2.000000000000 
  0.478470167866  -0.145142338627   2.000000000000 
  0.480215259708  -0.139259844693   2.000000000000 
  0.481888032898  -0.133356378737   2.000000000000 
  0.483488235522  -0.127432829802   2.000000000000 
  0.485015626597  -0.121490089952   2.000000000000 
  0.486469976103  -0.115529054140   2.000000000000 
  0.487851065019  -0.109550620078   2.000000000000 
  0.489158685360  -0.103555688096   2.000000000000 
  0.490392640202  -0.097545161008   2.000000000000 
  0.491552743716  -0.091519943978   2.000000000000 
  0.492638821194  -0.085480944380   2.000000000000 
  0.493650709079  -0.079429071667   2.000000000000 
  0.494588254982  -0.073365237228   2.000000000000 
  0.495451317714  -0.067290354254   2.000000000000 
  0.496239767299  -0.061205337600   2.000000000000 
  0.496953485001  -0.055111103647   2.000000000000 
  0.497592363336  -0.049008570165   2.000000000000 
  0.498156306091  -0.042898656172   2.000000000000 
  0.498645228339  -0.036782281800   2.000000000000 
  0.499059056450  -0.030660368151   2.000000000000 
  0.499397728103  -0.024533837164   2.000000000000 
  0.499661192294  -0.018403611471   2.000000000000 
  0.499849409348  -0.012270614261   2.000000000000 
  0.499962350920  -0.006135769143   2.000000000000 
  0.500000000000  -0.000000000000   2.000000000000 
